77 119
0 1
0 30
0 31
1 10
1 64
2 7
2 68
3 8
3 22
3 43
4 47
4 66
4 72
5 7
5 68
6 8
6 22
6 38
7 63
7 73
8 74
9 18
9 61
9 68
10 29
10 30
10 57
11 21
11 73
12 36
12 37
12 51
13 34
13 39
13 68
14 19
14 22
14 38
14 76
15 35
16 42
16 53
16 75
17 25
17 63
17 70
18 28
18 69
19 53
20 39
20 56
21 27
21 41
22 54
23 51
23 60
23 62
23 69
24 36
24 51
24 59
24 60
25 30
25 38
25 46
26 53
26 58
26 67
26 75
27 70
27 74
28 31
28 55
29 64
30 48
31 63
32 72
33 37
33 51
33 52
33 62
34 71
35 67
35 75
36 45
37 50
38 48
40 47
40 65
40 66
41 63
41 73
42 76
43 54
44 59
44 60
44 71
45 59
46 70
46 74
47 49
47 52
48 57
49 50
49 72
50 52
52 65
53 57
54 76
55 62
55 69
57 58
58 66
60 61
61 69
61 71
62 65
64 65
66 67
