77 121
0 38
0 73
0 74
1 31
1 41
1 50
2 19
2 38
2 49
2 73
3 34
3 46
3 47
4 52
4 58
5 13
5 45
5 71
6 17
6 50
6 71
7 22
7 35
7 44
7 45
8 16
8 23
8 52
8 53
9 17
9 44
9 45
9 62
10 27
10 48
10 56
10 59
11 32
11 55
11 61
11 72
12 16
12 51
12 52
13 61
13 72
14 30
14 33
14 67
15 70
16 43
16 54
17 21
18 40
18 42
18 52
19 39
19 46
19 57
20 36
20 76
21 31
21 50
21 62
22 42
22 58
23 70
24 66
24 71
25 39
25 57
25 69
26 29
26 33
26 56
27 34
27 44
27 62
28 32
28 61
28 75
29 64
30 60
30 68
31 36
31 59
34 48
34 65
35 55
35 72
36 41
36 64
37 48
37 56
37 67
38 39
40 46
40 57
41 76
43 53
43 63
44 65
45 72
46 49
47 48
47 49
47 67
49 68
51 54
51 69
53 70
54 63
56 64
59 62
59 64
60 73
60 74
61 66
66 75
67 68
68 73
