77 136
0 4
0 56
0 57
0 70
1 12
1 16
1 37
1 59
2 3
2 4
2 67
3 13
3 45
3 76
4 76
5 19
5 52
5 65
5 74
6 41
6 47
6 57
6 73
7 14
7 15
7 24
7 75
8 15
8 17
8 72
9 17
9 64
9 66
10 11
10 27
10 42
10 61
11 18
11 25
12 32
12 67
13 32
13 43
13 67
14 41
14 54
14 73
15 46
16 26
16 34
17 46
18 19
18 42
18 65
19 23
19 53
20 30
20 50
20 64
20 71
21 52
21 56
21 70
21 74
22 28
22 48
22 49
22 63
23 26
23 74
24 53
24 54
25 61
25 75
26 53
26 54
27 31
27 58
27 62
28 29
28 55
28 66
29 33
29 48
29 76
30 40
30 45
31 44
31 59
31 68
32 44
32 59
33 47
33 57
34 37
34 73
35 37
35 38
35 59
35 68
36 37
36 38
36 47
36 73
38 48
38 63
39 56
39 67
39 74
40 43
40 50
40 58
42 50
42 58
43 45
45 55
46 75
47 48
49 66
50 65
51 60
51 62
51 63
52 71
52 72
55 69
55 76
60 61
60 75
61 62
62 68
63 68
64 69
65 71
66 69
70 72
