124 221
0 38
0 90
0 94
1 3
1 11
1 50
1 60
2 36
2 46
2 85
2 86
3 57
3 65
3 77
4 25
4 70
4 96
4 119
5 33
5 45
5 72
5 115
6 33
6 52
6 56
6 82
7 18
7 78
7 108
8 25
8 68
8 106
8 119
9 12
9 24
9 73
9 97
10 23
10 83
10 89
10 98
11 46
11 63
11 65
12 18
12 78
12 102
13 51
13 87
13 92
13 114
14 17
14 34
14 44
14 110
15 23
15 71
15 103
15 112
16 30
16 67
16 95
16 105
17 72
17 74
17 115
18 85
18 86
19 22
19 49
19 55
19 93
20 51
20 62
20 92
20 123
21 51
21 62
21 88
21 99
22 26
22 79
22 111
23 81
23 117
24 29
24 39
25 27
26 93
26 97
27 70
27 96
27 116
28 59
28 74
28 121
29 35
29 93
30 92
30 113
30 114
31 58
31 84
31 86
32 38
32 57
32 77
32 90
33 42
33 87
34 43
34 68
34 106
35 39
35 109
36 50
36 59
37 41
37 52
37 56
37 79
38 60
38 121
40 47
40 64
40 66
40 120
41 113
41 114
42 72
42 82
43 89
43 110
43 122
44 54
44 74
45 51
45 87
45 88
46 50
46 101
47 112
48 71
48 99
48 104
48 122
49 67
49 105
49 109
50 118
52 69
52 100
53 101
53 102
53 111
54 58
55 79
55 105
56 87
56 114
57 60
58 59
58 116
59 118
61 88
61 99
61 110
61 122
62 76
63 101
63 111
64 71
64 104
64 112
65 91
65 107
66 104
67 92
67 123
68 83
68 89
69 91
69 107
71 117
72 94
73 78
74 94
75 77
76 99
76 104
77 107
78 98
79 100
80 96
80 108
80 119
81 98
81 103
82 90
83 108
83 119
84 96
84 116
85 101
85 102
88 115
89 117
90 107
93 109
94 121
95 113
97 102
98 108
100 111
103 120
105 113
109 123
110 115
112 120
117 122
118 121
