275 337
0 84
1 14
1 21
1 129
2 16
2 152
3 131
3 178
3 232
4 117
4 149
5 46
5 208
6 121
6 196
6 214
7 67
7 111
8 36
8 77
8 161
8 260
9 16
9 145
9 179
9 244
10 77
10 215
10 229
11 22
12 34
12 96
12 119
13 60
14 57
14 164
14 223
15 74
15 172
16 254
17 67
17 235
18 64
18 267
19 55
19 198
20 158
20 159
20 253
21 103
22 187
22 227
23 75
23 259
23 262
24 122
24 136
25 87
25 202
26 43
26 83
26 126
27 123
28 37
28 61
29 174
29 257
30 116
30 133
30 200
31 81
31 268
32 95
32 130
32 211
33 120
33 262
34 113
35 236
36 40
36 68
37 210
38 159
38 230
39 55
39 65
39 240
39 243
40 157
40 185
40 262
41 98
41 118
41 133
42 110
42 135
42 187
43 55
43 245
44 54
44 201
45 114
46 56
46 114
46 166
47 110
47 188
47 251
48 130
48 138
49 52
49 151
50 57
50 228
51 205
53 227
53 251
53 252
54 143
55 125
57 261
59 126
59 139
60 116
60 133
60 218
61 80
62 209
62 239
63 181
63 207
64 83
64 139
65 83
66 177
67 94
68 155
68 161
68 185
69 74
69 131
69 263
70 79
72 102
72 250
73 89
73 242
74 147
74 259
75 106
75 175
76 171
76 265
77 271
78 191
79 172
80 114
80 241
81 134
81 153
81 207
84 119
84 222
85 181
85 258
86 97
86 146
86 248
87 99
87 149
87 209
88 121
88 170
88 269
89 238
90 153
90 200
90 234
91 127
91 203
91 217
91 255
92 226
92 272
93 192
93 201
93 234
94 145
95 227
96 97
96 194
97 173
97 222
98 176
99 134
99 156
100 168
100 193
100 220
101 146
101 231
101 242
102 238
103 125
104 132
104 142
104 202
105 175
105 176
106 120
106 181
106 262
107 198
107 223
108 211
108 246
109 125
109 141
109 160
110 132
110 195
111 112
111 195
112 115
112 235
112 268
113 127
113 168
114 196
115 132
115 142
117 167
118 263
120 137
121 257
122 141
122 221
123 139
124 205
124 212
125 243
127 144
128 180
129 164
129 184
129 215
130 252
132 135
133 169
134 183
135 202
135 264
136 235
136 237
137 260
138 163
138 219
140 185
141 184
142 247
142 268
143 266
143 274
144 168
144 217
144 228
145 254
148 215
150 267
151 164
152 233
153 176
153 183
154 201
155 249
156 247
158 270
159 241
160 243
160 256
161 214
162 199
163 233
165 177
166 170
166 196
166 208
167 226
168 197
170 191
172 213
173 224
173 248
174 204
174 269
175 181
177 213
179 267
180 251
182 193
182 220
184 221
185 249
186 208
187 264
189 214
189 271
190 204
191 269
194 203
198 273
199 270
200 206
203 231
204 220
205 270
207 216
210 225
210 236
212 270
215 221
217 261
218 232
219 246
221 229
222 224
225 249
237 256
239 264
240 244
243 244
245 250
251 254
255 261
255 273
265 274
266 272
