275 469
0 82
0 88
0 146
1 15
1 108
1 269
2 40
2 208
3 28
3 38
3 267
4 65
4 134
4 142
4 188
5 28
5 71
5 90
5 203
6 15
6 167
7 33
7 40
8 163
8 226
9 68
9 210
9 245
10 54
10 84
10 234
11 108
11 184
11 211
12 128
12 157
12 174
12 227
13 104
13 232
13 249
13 272
14 26
14 27
14 230
15 32
15 180
16 125
16 134
16 138
16 243
17 71
17 78
17 173
17 192
18 24
18 50
18 197
19 98
19 141
19 218
19 266
20 26
20 30
20 171
20 186
21 132
21 253
22 26
22 27
22 153
22 186
23 70
23 231
23 255
23 274
24 60
24 116
24 220
25 108
25 211
25 236
26 273
27 226
28 140
28 168
29 90
29 136
29 162
29 203
30 160
30 196
30 273
31 50
31 191
31 213
32 44
32 176
32 185
33 68
33 160
34 153
34 164
34 186
34 259
35 59
35 77
35 95
35 172
36 41
36 52
36 177
36 237
37 97
37 150
37 242
38 127
38 168
39 198
39 200
39 224
39 260
40 240
41 202
41 215
41 258
42 46
42 114
42 223
42 242
43 129
43 159
43 191
43 252
44 57
44 241
45 93
45 109
45 117
46 55
46 130
46 246
47 58
47 110
47 222
47 261
48 155
48 219
48 228
48 251
49 140
49 147
49 152
49 161
50 116
51 58
51 133
51 228
51 261
52 75
52 201
52 254
53 101
53 211
53 236
55 97
55 235
55 242
56 136
56 195
56 203
56 265
57 109
57 167
58 77
58 103
59 86
59 133
59 148
60 74
60 197
61 102
61 137
61 170
61 239
62 159
62 191
62 213
63 178
63 256
64 229
64 246
64 254
65 79
65 103
65 225
66 123
66 144
66 145
66 177
67 141
67 212
67 266
67 269
68 181
69 128
69 164
69 227
69 259
70 83
70 95
70 172
71 168
71 233
72 87
72 91
72 215
72 221
73 87
73 124
73 216
73 221
74 118
74 268
75 151
75 247
76 118
76 230
76 264
77 133
78 125
78 233
79 130
79 142
79 222
80 104
80 163
80 272
81 170
81 250
82 105
82 194
83 125
83 243
83 274
84 149
84 238
85 112
85 150
85 223
85 242
86 172
86 217
86 218
87 119
87 237
88 89
88 204
89 102
89 146
89 206
90 140
90 152
91 169
92 124
92 134
92 138
92 188
93 105
93 194
94 167
94 236
95 100
95 243
96 182
96 198
96 200
97 271
98 111
98 199
98 263
99 132
99 152
99 161
100 103
100 225
101 157
101 174
102 204
102 263
103 222
104 153
104 259
105 117
106 197
106 210
107 115
107 143
107 229
108 179
109 241
110 235
110 257
111 185
111 206
111 266
112 220
112 244
112 264
113 182
113 213
114 229
114 248
115 129
116 191
116 252
118 166
119 124
119 188
119 201
120 187
120 198
120 224
121 146
121 176
121 185
121 206
122 123
122 158
122 200
122 260
123 143
123 256
124 195
125 265
126 156
126 190
126 255
127 192
127 262
128 184
128 249
129 244
129 248
130 151
130 235
131 147
131 161
133 183
134 225
135 154
135 184
135 232
135 249
136 216
136 253
137 204
138 195
138 265
139 164
139 171
139 186
139 234
140 267
141 148
141 219
142 151
142 247
143 144
143 158
144 229
144 254
145 178
145 202
145 256
146 194
147 267
148 183
148 218
149 208
150 264
152 162
154 179
154 251
155 207
155 232
155 272
156 250
156 262
157 184
157 211
158 189
159 189
160 181
162 253
163 270
163 271
165 166
165 245
165 273
166 230
166 268
168 192
169 175
169 221
171 196
171 238
172 231
173 190
173 255
173 274
174 214
175 205
176 194
176 241
177 254
179 212
179 269
180 185
180 266
180 269
181 245
181 273
182 193
183 219
183 228
187 193
188 247
189 200
190 192
190 262
193 198
199 217
199 218
199 239
201 237
201 247
203 233
205 216
205 221
205 253
206 263
207 228
207 261
207 270
208 240
209 231
209 255
212 219
214 227
215 237
217 231
220 252
222 235
223 244
223 248
225 243
226 230
232 251
233 265
234 238
239 263
244 252
245 268
249 259
256 260
257 270
257 271
270 272
