275 492
0 26
0 32
0 49
0 100
1 22
1 138
1 157
1 274
2 24
2 56
2 86
2 116
3 121
3 140
3 231
3 271
4 28
4 163
4 263
5 97
5 119
5 241
6 96
6 98
6 219
7 25
7 39
7 101
8 18
8 61
8 85
8 114
9 33
9 207
10 18
10 61
10 145
10 171
11 79
11 191
11 217
12 66
12 148
12 207
13 35
13 221
13 247
14 75
14 202
14 272
14 273
15 227
15 228
15 239
15 261
16 62
16 74
16 170
17 122
17 187
17 225
17 239
18 90
18 110
19 108
19 128
19 190
19 252
20 76
20 107
20 171
20 253
21 71
21 156
21 175
22 80
22 146
23 134
23 174
23 211
23 237
24 52
24 186
24 196
25 115
25 215
25 267
26 211
26 237
26 266
27 67
27 167
27 210
27 230
28 122
28 187
28 194
29 64
29 95
29 229
30 53
30 65
30 78
30 249
31 94
31 177
31 202
31 272
32 211
33 191
33 217
33 270
34 78
34 116
34 143
34 240
35 44
35 150
36 158
36 206
36 228
36 262
37 143
37 181
37 240
38 105
38 144
38 192
38 212
39 155
39 267
40 54
40 75
40 273
41 164
41 180
41 182
41 184
42 69
42 221
42 236
43 112
43 140
43 208
43 271
44 168
44 247
44 254
45 109
45 168
45 254
46 229
46 240
46 258
47 155
47 173
47 267
48 122
48 228
48 239
49 81
49 263
49 270
50 87
50 134
50 174
50 209
51 119
51 256
51 268
52 183
52 189
53 82
53 186
53 196
54 58
54 68
54 137
55 64
55 84
55 222
55 229
56 139
56 223
57 91
57 126
57 162
58 243
58 250
58 273
59 123
59 233
59 260
60 146
60 159
60 182
60 203
61 205
61 214
62 93
62 156
62 197
63 215
63 225
63 227
63 239
64 73
64 153
65 133
65 145
65 198
66 81
66 154
66 244
67 134
67 211
68 176
68 195
68 243
69 94
69 165
69 177
70 148
70 162
70 200
70 207
71 117
71 224
71 250
72 82
72 149
72 219
73 84
73 237
73 266
74 87
74 156
74 209
75 238
76 125
76 143
77 151
77 165
77 253
78 133
78 196
79 90
79 257
80 188
80 223
82 216
82 249
83 98
83 198
83 213
84 88
84 92
85 115
85 214
86 141
86 188
86 223
87 230
88 147
88 154
88 266
89 99
89 179
89 204
89 232
90 114
90 213
91 149
91 219
91 220
92 147
92 218
92 222
93 94
93 165
94 197
95 130
95 153
95 201
96 200
96 246
97 215
97 227
97 267
98 246
99 132
99 220
100 154
100 266
101 214
101 236
102 128
102 199
103 123
103 192
103 233
103 248
104 158
104 167
104 206
105 157
105 242
105 274
106 118
106 142
106 247
107 135
107 181
107 264
108 248
108 271
109 179
109 193
109 204
110 145
110 198
111 121
111 123
111 248
111 271
112 124
112 161
112 255
113 152
113 259
113 265
114 115
114 257
115 269
116 141
116 196
117 156
117 166
117 197
118 164
118 184
118 235
119 127
119 173
120 164
120 183
120 235
121 136
121 245
122 163
123 136
124 228
124 261
124 262
125 133
125 145
125 171
126 172
126 220
127 241
127 255
127 256
128 176
128 208
129 138
129 188
129 251
130 135
130 181
131 183
131 189
131 193
131 204
132 179
132 245
133 143
135 201
136 172
137 159
137 195
137 203
138 218
138 222
139 164
139 180
139 183
140 255
140 256
142 177
142 202
144 190
144 242
144 252
146 274
147 152
147 265
148 244
148 260
149 216
149 232
150 221
151 205
151 214
151 236
152 212
152 218
153 174
153 237
154 265
155 178
157 212
157 218
158 199
158 234
159 238
160 187
160 225
160 257
161 208
161 262
162 260
163 206
163 210
165 236
166 250
166 272
166 273
167 175
167 234
168 193
168 235
169 224
169 243
169 250
170 209
170 264
171 205
172 245
173 178
173 268
174 201
175 224
175 230
176 252
177 221
178 254
179 185
180 223
182 238
184 238
186 189
186 216
187 191
188 258
189 226
190 192
190 248
191 194
194 263
194 270
195 242
195 252
197 272
198 249
200 219
201 209
203 242
203 274
204 226
205 253
216 226
217 246
220 232
222 251
224 234
225 269
226 232
227 241
229 251
231 245
231 256
233 259
235 247
241 261
244 259
244 265
251 258
253 264
254 268
255 261
257 269
259 260
