489 881
0 196
0 278
0 314
0 458
1 121
1 222
1 272
2 206
2 232
2 245
3 13
3 135
3 235
3 306
4 71
4 106
4 384
4 413
5 90
5 97
5 142
5 310
6 90
6 154
7 210
7 338
7 349
8 65
8 78
8 213
8 477
9 115
9 236
9 289
9 378
10 251
10 259
10 333
10 381
11 114
11 357
11 411
11 417
12 77
12 265
12 317
12 430
13 379
13 405
14 280
14 329
14 412
15 178
15 221
15 277
15 325
16 220
16 244
16 301
17 22
17 119
17 128
17 168
18 227
18 359
19 201
19 313
19 416
20 44
20 152
20 249
20 464
21 178
21 277
21 426
22 36
22 57
22 239
23 63
23 311
23 404
23 456
24 51
24 121
24 222
24 420
25 124
25 259
25 381
25 418
26 152
26 250
26 423
26 464
27 55
27 165
27 326
27 339
28 152
28 250
28 340
28 377
29 74
29 280
29 349
29 412
30 225
30 262
30 391
30 403
31 121
31 272
31 391
31 403
32 64
32 346
32 416
33 176
33 229
33 431
33 475
34 49
34 96
34 342
34 361
35 73
35 89
36 91
36 168
36 356
37 61
37 212
37 386
37 471
38 69
38 117
38 372
38 485
39 124
39 345
39 418
40 68
40 158
40 266
41 173
41 188
41 334
41 338
42 147
42 244
42 301
43 463
43 476
44 126
44 228
44 371
45 100
45 297
45 401
46 286
46 352
46 447
46 467
47 80
47 137
47 223
47 425
48 52
48 146
49 78
49 213
49 473
50 179
50 288
50 368
50 433
51 116
51 237
51 358
52 53
52 430
53 82
53 88
54 177
54 225
54 262
54 484
55 332
56 319
56 393
56 442
56 488
57 92
57 356
57 395
58 191
58 337
58 421
58 450
59 110
59 136
59 407
59 452
60 110
60 136
60 225
60 403
61 130
61 359
61 485
62 216
62 366
62 380
63 92
63 395
63 441
64 112
64 164
64 382
65 147
65 301
65 336
66 81
66 187
66 390
67 75
67 103
67 169
67 219
68 252
68 350
68 441
69 160
69 283
69 398
70 208
70 233
70 457
71 118
71 263
72 181
72 319
72 408
72 432
73 148
73 256
73 424
74 341
75 196
75 264
75 458
76 261
76 267
76 482
77 140
77 253
77 444
78 220
78 301
79 133
79 253
79 255
79 274
80 87
80 216
80 260
81 145
81 362
82 175
82 364
82 482
83 122
83 171
83 386
84 187
84 340
85 242
85 312
85 448
86 121
86 391
86 402
86 420
87 137
87 166
87 369
88 353
88 364
89 107
89 269
89 424
90 287
90 449
91 160
91 164
92 266
93 377
93 389
93 435
94 250
94 290
94 377
94 435
95 125
95 184
95 296
95 436
96 176
96 431
96 461
97 231
97 335
97 449
98 100
98 193
98 231
98 297
99 184
99 230
99 257
99 415
100 129
100 142
101 146
101 393
101 412
102 109
102 116
102 123
102 237
103 270
103 282
103 379
104 107
104 401
105 170
105 271
105 434
106 251
106 305
106 328
107 134
107 295
108 233
108 313
108 416
109 224
109 399
109 419
110 111
111 134
111 225
111 484
112 147
112 336
112 416
113 284
113 369
113 478
114 202
114 465
115 262
115 391
116 373
116 420
117 327
117 375
117 398
118 284
118 300
118 413
119 239
119 326
120 129
120 153
120 157
120 295
122 127
122 384
123 177
123 373
124 363
124 468
125 210
125 334
125 338
126 150
126 324
126 464
127 263
127 471
128 180
128 238
128 283
129 246
130 212
130 316
130 327
131 171
131 323
131 328
131 427
132 242
132 276
132 312
132 348
133 156
133 276
133 453
134 269
135 167
135 270
135 379
136 474
137 324
137 333
138 139
138 256
138 360
138 480
139 167
139 207
139 399
140 265
140 405
141 317
141 414
141 430
142 231
142 246
143 288
143 292
143 314
143 458
144 185
144 213
144 477
145 226
145 390
145 440
146 341
146 414
147 164
148 157
148 179
148 368
149 227
149 359
149 372
149 485
150 234
150 371
150 406
151 159
151 206
151 387
152 279
153 163
153 246
153 303
154 201
154 313
154 483
155 194
155 337
155 410
155 450
156 253
156 444
156 479
157 163
158 346
158 462
159 194
159 376
159 450
160 168
160 244
161 203
161 273
161 428
161 436
162 181
162 319
162 393
163 179
163 241
164 356
165 330
165 332
166 251
166 305
166 333
167 235
167 360
168 283
169 270
169 292
169 458
170 182
170 243
171 211
171 384
172 367
172 409
173 187
173 390
174 190
174 222
174 315
175 197
176 293
177 204
177 236
178 457
178 483
179 343
180 357
180 411
181 226
181 440
182 362
182 408
182 434
183 208
183 298
183 447
184 445
184 481
185 335
185 361
185 449
186 192
186 220
186 367
186 409
187 188
188 487
189 407
189 437
189 452
190 214
190 254
190 358
191 353
191 364
191 387
192 375
192 398
193 229
193 475
194 345
195 203
195 257
195 415
195 428
196 281
196 354
197 267
197 482
198 245
198 345
198 347
198 418
199 316
199 327
199 375
200 248
200 304
200 383
200 469
201 477
202 211
202 227
202 411
203 318
203 481
204 224
204 472
204 484
205 320
205 432
205 474
206 240
206 376
207 256
207 424
207 470
208 325
208 374
209 309
209 319
209 432
209 442
210 273
210 436
211 323
212 284
212 300
213 361
214 265
214 315
215 230
215 258
215 261
215 415
216 425
217 365
217 392
217 465
217 466
218 435
218 475
219 264
219 282
219 312
220 473
221 286
221 460
222 358
223 324
223 423
223 464
224 470
226 329
227 238
228 249
228 307
228 459
229 231
229 335
230 445
232 247
232 486
233 275
233 351
234 324
234 333
234 381
235 399
235 419
236 262
236 373
237 419
237 454
238 372
238 411
240 258
240 261
241 303
241 343
241 385
242 332
243 344
243 362
243 476
244 398
245 247
245 376
246 310
247 347
247 459
248 350
248 352
248 467
249 279
249 396
250 429
251 397
252 278
252 383
252 404
253 405
254 265
254 454
255 276
255 282
255 312
256 368
257 318
257 481
259 363
259 397
260 369
260 478
261 388
263 300
264 354
266 346
266 441
267 321
267 388
268 348
268 400
268 439
269 472
269 484
270 360
271 437
272 309
272 320
273 321
273 349
274 282
274 379
274 405
275 462
277 385
277 460
278 281
278 302
279 340
281 311
281 404
283 372
284 316
285 475
286 325
286 374
287 310
287 426
288 299
288 480
289 402
290 293
290 429
290 446
291 348
291 439
291 453
292 360
292 480
293 461
294 365
294 400
294 466
296 331
296 334
296 445
297 437
298 374
299 304
299 314
299 433
300 471
302 304
302 314
302 383
303 310
304 443
305 369
305 413
306 454
307 331
307 396
307 486
308 364
308 387
308 482
311 330
311 354
313 351
315 442
315 488
316 478
317 488
320 403
321 428
322 471
323 370
326 357
327 485
328 384
328 397
329 390
330 448
330 456
331 438
331 487
334 487
335 431
336 477
337 400
337 439
339 357
339 417
339 451
340 463
341 412
342 380
342 461
343 422
343 433
344 389
345 376
347 371
350 355
351 457
351 483
352 355
352 455
353 421
354 448
355 462
356 382
358 454
359 386
361 431
362 440
363 392
363 427
365 417
365 451
366 425
366 429
366 446
367 380
367 473
368 480
370 392
370 427
370 465
371 459
373 378
374 447
375 409
377 463
378 402
378 420
380 446
381 406
385 422
385 426
387 450
388 415
388 428
389 463
389 476
392 468
393 414
394 408
394 432
394 434
394 474
395 456
396 487
397 427
399 470
400 410
401 407
401 437
404 441
406 418
408 440
410 466
414 488
417 465
421 439
421 453
422 443
422 460
423 425
423 429
424 472
430 444
433 443
434 452
436 481
438 445
438 486
443 469
446 461
447 455
452 474
453 479
455 462
459 486
460 469
466 468
467 469
470 472
