1035 1460
0 111
0 210
0 274
0 285
1 137
1 237
1 660
1 811
2 66
2 519
2 592
2 797
3 532
3 642
3 663
4 157
4 786
4 836
5 351
5 519
5 584
5 797
6 131
6 544
6 917
7 142
7 513
7 821
8 83
8 397
8 647
9 302
9 929
9 930
10 923
10 959
10 985
11 15
11 51
11 465
11 625
12 575
12 850
12 976
13 268
13 982
13 1008
14 306
15 227
15 502
16 519
17 38
18 295
18 364
19 21
19 400
19 694
19 857
20 411
20 452
20 770
21 346
21 900
22 340
22 590
22 1018
23 823
23 893
24 495
24 579
24 724
25 289
26 220
26 443
27 373
27 574
28 595
28 1023
29 677
29 688
29 863
30 599
30 765
30 934
31 332
31 779
31 898
31 975
32 417
32 653
32 885
33 513
34 516
34 518
34 865
35 436
35 698
35 793
35 1028
36 686
36 762
36 902
36 956
37 608
37 661
37 845
38 68
38 254
39 555
39 579
39 830
40 125
40 365
40 1029
41 183
41 476
41 898
41 975
42 244
42 304
42 427
42 550
43 170
43 684
43 856
44 173
44 439
44 445
44 690
45 210
45 274
45 383
45 568
46 175
46 187
47 560
47 615
47 974
48 679
48 930
48 967
49 97
49 242
49 311
50 264
50 282
50 766
51 227
51 738
52 274
52 358
52 568
53 145
54 230
54 575
54 850
55 330
55 440
56 460
56 732
56 905
57 431
57 871
58 469
58 560
58 974
59 186
59 278
59 795
59 824
60 767
60 937
61 997
62 361
62 601
63 464
63 782
64 853
65 413
65 577
66 77
66 706
67 733
67 954
68 567
68 987
69 208
69 827
69 877
69 951
70 541
70 973
71 125
71 368
71 743
71 994
72 131
72 243
72 893
73 200
73 914
74 242
74 903
75 384
75 491
75 650
75 652
76 225
76 265
76 434
76 729
77 497
77 547
78 359
78 613
78 651
79 387
79 838
80 184
80 531
80 808
81 241
81 960
82 337
82 515
82 757
83 92
83 662
83 969
84 286
84 623
85 366
85 695
85 702
86 291
86 845
87 492
87 837
88 318
88 550
89 206
89 441
89 909
90 115
90 697
90 791
90 968
91 93
91 725
91 955
92 343
92 551
93 481
94 211
94 461
95 697
95 1032
96 202
96 378
96 676
96 891
97 294
97 989
98 310
98 365
99 102
99 229
100 228
100 748
101 357
101 926
102 462
103 644
104 241
105 393
106 118
106 371
106 480
106 996
107 780
107 964
107 988
108 761
108 974
109 671
110 142
110 513
110 650
110 652
111 272
111 273
112 366
112 520
113 177
113 208
114 612
115 296
115 298
116 270
116 503
116 638
117 161
117 188
117 873
117 1013
118 403
118 537
118 877
119 147
119 386
120 552
120 802
121 195
121 281
121 503
121 716
122 374
122 584
122 797
123 158
123 335
124 177
124 208
124 250
124 958
125 193
126 434
126 572
126 631
127 705
127 968
128 244
128 427
128 666
129 644
129 818
130 320
130 587
130 589
130 846
131 995
131 999
132 136
132 561
132 586
132 799
133 297
133 759
133 869
134 322
134 356
134 796
134 852
135 182
135 378
136 747
136 927
137 395
137 719
137 953
138 253
138 338
138 924
138 1034
139 338
139 655
140 617
141 453
141 606
141 911
142 387
142 890
143 329
143 453
143 784
144 233
144 499
145 224
145 1024
146 734
147 152
147 1008
148 360
148 460
148 616
149 479
149 806
149 832
149 1021
150 546
150 657
150 986
151 416
151 430
152 853
153 264
153 588
153 654
154 394
154 613
154 900
155 186
155 684
156 676
156 891
157 321
157 736
158 741
158 805
159 891
159 956
160 251
160 348
160 672
161 375
161 458
161 919
162 883
162 971
163 173
163 439
163 1001
164 827
164 834
165 656
165 681
165 803
166 452
166 788
166 824
166 856
167 220
167 443
167 900
168 171
168 204
168 734
169 309
169 401
169 423
170 190
170 678
171 429
171 777
172 490
172 653
172 737
173 663
174 731
174 798
174 1010
175 892
176 339
176 476
176 759
176 898
177 262
178 466
178 692
178 904
179 426
180 229
180 327
180 397
180 423
181 288
181 772
181 860
181 941
182 231
182 1033
183 751
183 880
183 984
184 789
184 830
184 936
185 326
185 562
186 591
187 573
187 720
188 375
188 478
189 276
189 982
190 411
191 345
191 828
191 1027
192 775
193 707
194 245
194 258
194 858
194 959
195 421
195 948
196 269
196 598
196 743
196 994
197 200
197 601
198 246
198 1004
199 291
200 976
201 405
201 559
203 560
203 603
203 615
203 616
204 429
204 710
205 314
205 670
205 947
206 642
207 381
207 534
207 861
209 658
209 925
209 950
211 383
212 385
212 1013
213 420
213 440
213 866
213 1017
214 414
214 531
214 794
215 270
215 503
216 506
216 646
217 504
217 717
218 448
218 487
218 624
218 817
219 845
219 938
220 888
221 587
221 777
222 451
222 925
222 950
223 507
223 832
223 859
223 1021
224 715
224 804
225 505
225 525
225 529
226 587
226 846
226 852
227 563
228 273
228 500
228 755
229 418
230 509
230 1015
232 275
232 483
232 701
232 1000
233 718
234 345
234 939
234 1027
235 391
235 416
236 384
236 650
236 666
236 691
237 492
237 851
238 393
238 486
238 946
239 408
239 577
240 696
240 704
240 819
241 506
241 696
243 565
244 301
244 558
245 760
245 782
246 287
247 336
247 398
247 619
248 360
248 626
248 847
248 990
249 366
249 520
249 843
251 314
251 947
252 338
252 655
253 457
254 509
254 567
255 502
255 589
256 606
256 858
256 959
257 433
257 688
257 863
258 782
259 333
259 717
260 555
260 971
261 610
262 364
263 511
263 698
265 564
265 800
266 566
266 746
267 351
267 372
267 584
268 339
268 895
269 377
270 536
270 715
271 364
271 388
271 477
272 600
272 848
272 991
273 285
273 991
274 463
275 921
275 964
277 664
277 727
277 927
277 985
278 940
279 293
279 540
279 677
279 863
280 489
280 858
281 421
281 1010
282 528
282 648
283 769
283 784
284 461
284 928
284 980
285 463
286 287
286 929
287 333
287 1004
288 505
289 794
290 667
290 687
290 733
291 546
291 986
292 625
292 641
292 774
293 583
293 993
294 1033
295 910
295 922
296 441
296 705
298 507
298 791
298 864
299 753
299 930
299 1023
300 640
300 977
300 1005
301 341
301 501
301 825
302 536
302 1011
303 630
303 841
304 1025
305 924
306 868
306 938
307 425
307 541
307 973
307 1018
308 408
308 434
308 572
308 577
309 920
310 617
310 935
310 971
311 970
312 365
312 1029
313 560
313 616
313 732
314 884
314 966
315 524
315 960
316 431
316 552
317 364
317 388
317 834
318 586
318 685
319 703
319 919
320 393
320 740
321 636
321 723
322 357
322 926
323 887
323 1030
324 357
324 774
325 995
325 999
326 447
326 450
326 885
327 1002
328 661
329 383
329 689
330 358
330 526
331 867
331 909
332 582
332 915
333 916
334 445
334 669
334 690
334 881
335 761
335 805
335 908
336 683
338 709
339 633
339 982
340 493
340 842
341 464
341 760
342 440
342 726
342 961
343 779
343 975
344 816
344 894
345 563
346 641
346 694
346 774
347 438
347 775
347 838
347 904
348 820
349 506
350 640
350 1005
352 425
352 590
352 1018
353 435
353 485
353 617
353 935
354 820
354 879
354 1032
355 433
355 758
356 415
356 897
357 846
358 463
358 1017
359 470
359 641
360 897
361 545
362 543
362 748
363 614
363 775
363 899
363 904
365 815
367 872
367 916
368 790
368 815
369 794
369 826
369 952
370 808
370 1009
371 392
371 402
371 721
373 374
373 516
373 942
374 917
375 714
375 1007
376 477
376 802
376 871
377 571
377 743
378 997
379 635
379 1007
380 540
380 665
380 677
381 404
381 646
382 826
382 914
382 952
383 461
384 459
384 986
385 457
386 390
386 530
386 1008
387 821
388 798
388 1010
389 548
389 589
390 522
390 942
391 424
392 812
393 710
394 693
395 542
395 627
395 660
396 554
396 695
397 418
397 969
398 683
398 957
399 654
400 862
400 875
401 588
402 831
402 996
403 480
403 604
404 668
405 855
405 916
406 741
406 965
407 511
407 656
407 698
408 529
408 609
409 735
409 922
409 944
410 593
410 609
410 807
410 978
411 678
412 551
412 892
412 962
413 450
413 876
414 481
415 460
416 806
417 977
419 422
419 557
419 851
420 674
420 785
421 477
422 669
422 708
423 745
424 469
424 732
424 905
425 876
426 472
426 755
426 831
427 680
427 754
428 888
428 913
429 740
430 479
432 468
432 487
432 817
433 520
434 529
435 675
435 742
436 756
436 911
437 710
437 925
438 448
438 487
440 739
441 557
442 517
442 783
442 842
444 463
444 882
445 471
446 569
446 580
446 628
448 692
448 844
449 603
449 990
450 454
450 718
451 618
451 946
452 678
453 689
455 526
456 746
456 1005
457 1034
458 714
459 1007
461 689
462 637
462 736
464 513
465 502
465 589
466 483
466 599
466 934
467 887
468 475
468 643
470 738
471 881
471 902
472 600
472 991
473 870
473 883
474 809
475 491
475 635
475 652
476 982
476 984
478 635
478 873
479 974
481 602
482 489
482 821
483 692
483 964
484 539
484 583
484 592
485 742
486 939
487 838
488 600
488 630
489 614
489 775
490 640
490 658
492 660
493 585
494 618
494 1030
495 627
495 835
496 626
496 777
496 847
497 706
497 912
497 981
498 703
498 919
499 572
499 718
500 510
500 748
503 559
504 639
505 729
505 941
507 874
507 908
508 510
510 755
511 814
512 834
512 972
514 611
514 615
514 752
514 965
515 818
515 819
516 917
517 541
517 632
518 530
518 945
519 711
520 1012
521 554
521 596
522 1008
523 590
523 658
523 889
524 704
524 822
525 533
526 605
526 882
527 735
528 654
528 772
528 941
531 789
532 581
532 927
533 807
534 787
534 853
535 538
535 790
535 870
536 753
537 996
538 598
538 1009
539 981
540 771
542 722
543 882
544 584
545 659
545 878
547 574
547 912
548 625
548 774
549 588
549 636
550 558
551 662
553 1000
553 1006
554 728
554 962
555 835
555 906
556 780
556 785
556 988
557 705
557 708
559 716
559 855
561 923
561 985
562 885
564 631
564 786
565 823
566 618
566 901
567 575
567 976
569 632
569 931
570 606
570 959
570 985
571 607
571 999
574 942
576 591
576 687
577 876
578 903
579 835
579 1022
580 611
580 649
580 931
582 745
582 779
582 920
586 747
586 825
587 740
588 637
590 737
591 768
591 795
593 649
593 822
593 931
594 939
595 804
595 914
596 758
596 962
597 639
597 716
597 855
598 764
599 899
599 904
602 839
602 936
603 628
604 877
604 951
606 1028
608 767
608 862
608 875
609 673
610 778
611 979
612 955
613 641
614 928
615 628
619 957
619 987
619 1020
620 712
620 781
620 918
621 700
621 1016
622 742
623 679
624 709
624 844
625 738
626 634
626 897
627 840
629 669
629 690
629 708
630 769
631 713
633 759
633 895
634 777
634 852
635 643
637 1002
638 715
639 731
640 653
642 909
643 655
643 817
644 757
644 801
645 960
645 1032
647 745
648 766
648 772
649 671
651 693
653 977
656 814
657 714
658 734
659 932
659 976
661 796
661 862
662 728
662 962
663 664
663 1001
665 771
666 754
667 701
667 1006
670 953
671 822
672 697
672 879
672 968
673 978
674 700
674 1017
676 983
678 856
681 902
682 751
682 981
684 1031
685 747
685 859
686 829
686 849
686 907
687 768
689 980
691 986
692 1000
696 776
697 805
699 712
699 781
699 933
702 758
703 913
704 809
705 851
709 773
709 924
710 740
711 771
712 770
713 836
715 753
716 1010
717 916
719 792
720 993
721 812
721 831
722 894
723 800
724 749
724 816
725 839
725 907
727 793
727 1028
728 969
729 800
730 992
731 886
733 1006
735 983
737 1014
739 961
741 1032
742 963
744 969
746 901
748 882
749 829
749 907
750 766
750 869
750 920
751 813
752 979
753 804
754 868
755 991
756 896
757 818
759 915
761 832
762 829
762 833
763 967
764 878
764 1009
764 1020
765 780
765 785
767 845
769 1033
770 933
772 1026
773 844
776 818
776 819
778 888
778 913
780 934
781 961
783 990
784 848
784 896
785 866
786 800
787 801
788 933
788 940
790 994
791 805
791 908
792 840
792 935
793 1001
795 921
796 926
798 834
798 886
799 825
799 923
802 948
803 891
804 1023
806 1025
808 992
809 860
810 880
813 912
813 984
816 829
816 833
819 1026
824 1031
827 949
828 887
830 906
832 908
833 881
833 894
835 840
837 894
844 1000
849 956
851 998
854 918
856 1031
857 900
859 874
860 1026
861 963
864 874
865 945
865 1029
867 874
869 915
870 906
872 1011
876 973
878 932
880 975
883 906
884 998
885 1014
893 999
896 911
899 1016
901 1019
903 989
903 996
905 938
907 955
910 1003
911 1028
917 995
918 961
919 1013
922 958
925 946
929 1011
931 978
934 964
936 1022
943 1020
944 958
949 951
949 972
952 1024
954 1006
958 970
966 968
966 998
1021 1025
