1035 1826
0 100
0 196
0 605
0 946
1 408
1 577
1 635
1 1019
2 134
2 500
2 671
3 74
3 140
3 205
3 819
4 504
4 604
4 648
4 873
5 362
5 715
5 919
5 959
6 107
6 642
7 18
7 475
7 821
8 179
8 358
8 407
8 1024
9 288
9 584
9 761
10 143
10 249
10 713
10 765
11 283
11 632
11 1000
12 179
12 192
12 446
12 691
13 51
13 297
13 299
13 860
14 164
14 280
14 520
14 636
15 53
15 77
15 1005
16 178
16 562
17 831
18 206
18 655
18 788
19 119
19 503
19 687
20 441
20 527
20 628
21 64
21 87
21 702
21 818
22 354
22 565
22 614
23 509
23 631
23 651
23 1004
24 280
24 649
24 757
24 876
25 556
25 573
25 755
26 433
26 674
26 734
26 889
27 222
27 318
27 343
28 222
28 342
28 781
28 895
29 548
29 705
29 983
30 484
30 579
30 946
31 155
31 248
31 251
31 924
32 340
32 426
32 592
32 978
33 481
33 554
33 970
34 221
34 524
34 700
34 987
35 231
35 398
35 772
35 931
36 393
36 521
36 615
36 1025
37 607
37 647
37 659
37 786
38 276
38 644
39 226
39 380
39 513
39 717
40 135
40 185
40 813
40 928
41 129
41 242
41 506
41 580
42 402
42 575
42 721
42 834
43 160
43 325
43 490
43 972
44 237
44 320
45 475
45 615
45 689
45 821
46 172
46 341
46 754
47 106
47 342
47 895
48 392
48 518
48 887
48 996
49 289
49 357
49 657
49 925
50 74
50 140
50 836
50 894
51 112
51 929
51 977
52 473
52 563
52 587
52 654
53 472
53 1002
54 371
54 459
54 729
54 941
55 358
55 407
55 534
55 788
56 277
56 439
56 712
57 151
57 594
57 680
57 967
58 849
58 913
58 933
58 968
59 63
59 434
59 747
60 496
60 514
60 668
60 867
61 635
61 1018
61 1024
62 205
62 214
62 230
62 678
63 111
63 390
63 1015
64 526
64 656
64 769
65 125
65 438
65 456
65 994
66 80
66 261
66 478
67 132
67 184
67 232
67 627
68 154
68 449
68 517
69 229
69 711
69 810
69 883
70 73
70 88
70 1026
71 278
71 519
71 611
72 575
72 601
72 721
72 804
73 539
73 617
73 914
74 398
74 931
75 148
75 716
75 753
75 840
76 225
76 852
76 892
77 322
77 750
77 1002
78 212
78 498
78 601
78 804
79 392
79 939
79 996
80 223
80 665
80 964
81 274
81 330
81 551
81 604
82 493
82 638
82 869
83 690
83 706
83 751
83 987
84 95
84 109
84 308
84 550
85 119
85 609
85 610
85 1022
86 495
86 970
86 1007
87 334
87 448
87 656
88 130
88 979
88 1003
89 104
89 387
89 428
89 879
90 143
90 347
90 593
90 765
91 496
91 514
91 645
91 842
92 141
92 258
92 403
93 274
93 504
93 604
93 787
94 501
94 543
94 762
94 853
95 343
95 781
95 814
96 545
96 611
96 1010
97 290
97 368
97 383
97 749
98 697
98 795
98 866
98 940
99 253
99 350
99 464
99 740
100 182
101 270
101 755
102 252
102 462
102 530
102 898
103 414
103 444
103 823
104 171
104 194
104 199
105 617
105 682
105 803
106 204
106 545
106 611
107 254
107 576
108 180
108 409
108 434
108 747
109 563
109 683
110 334
110 442
110 450
110 656
111 747
111 859
111 930
112 183
112 381
112 586
113 154
113 517
113 639
113 710
114 430
114 538
114 563
114 683
115 811
115 985
116 569
116 807
116 878
117 165
117 726
117 855
117 1029
118 148
118 201
118 645
118 753
119 353
119 493
120 252
120 601
120 721
120 898
121 266
121 529
121 1020
122 258
122 403
122 515
122 911
123 355
123 372
123 388
123 547
124 533
124 647
124 666
124 890
125 421
125 718
126 191
126 552
126 784
126 824
127 262
127 419
127 646
127 861
128 291
128 859
128 930
129 362
129 715
129 900
130 523
131 162
131 355
131 451
131 511
132 201
132 641
132 825
133 148
133 616
133 739
133 840
134 278
134 611
134 650
135 477
135 618
135 619
136 213
136 236
136 606
137 738
137 773
137 864
138 169
138 328
138 370
138 702
139 735
139 745
140 527
140 628
141 418
141 670
141 1007
142 746
142 756
142 771
142 961
143 275
143 522
144 206
144 331
144 829
145 260
145 673
145 839
146 228
146 443
146 736
146 944
147 272
147 588
147 591
148 257
149 300
149 324
149 340
149 426
150 441
150 527
150 559
150 868
151 887
151 996
151 997
152 355
152 451
152 851
153 224
153 546
153 848
153 1028
154 561
154 917
155 285
155 919
155 959
156 213
156 488
156 489
156 578
157 199
157 405
157 714
157 927
158 174
158 332
158 603
158 966
159 191
159 437
159 626
159 784
160 390
160 532
160 1015
161 668
161 856
161 975
162 412
162 962
162 1023
163 377
163 442
163 560
164 368
164 749
164 853
165 838
165 943
165 976
166 263
166 297
166 336
166 541
167 359
167 730
167 805
167 932
168 558
168 708
168 806
169 706
169 751
169 769
170 286
170 535
170 726
170 810
171 316
171 373
171 417
172 509
172 780
172 989
173 264
173 305
173 676
174 207
174 763
175 372
175 547
175 710
176 304
176 413
176 701
176 837
177 245
177 352
177 681
177 767
178 643
178 651
178 733
179 600
179 995
180 592
180 775
180 982
181 441
181 696
181 728
182 196
182 734
182 1017
183 307
183 916
183 929
184 641
184 693
184 975
185 259
185 477
185 708
186 211
186 505
186 591
186 653
187 773
187 905
187 958
188 491
188 661
188 799
188 953
189 396
189 422
189 903
190 209
190 409
190 747
190 930
191 416
192 240
192 597
192 787
193 325
193 452
193 490
193 722
194 387
194 417
194 725
195 264
195 559
195 676
195 868
196 202
196 865
197 318
197 444
197 567
197 823
198 735
198 790
199 316
199 879
200 693
200 856
200 975
201 257
201 627
202 595
202 837
202 1017
203 376
203 566
203 854
204 583
204 731
204 895
205 581
205 931
206 552
206 832
207 411
207 669
207 1016
208 300
208 324
208 537
208 540
209 900
209 936
209 991
210 630
210 708
210 806
210 871
211 712
211 752
211 791
212 344
212 694
212 953
213 231
213 260
214 480
214 679
214 737
215 221
215 486
215 700
217 400
217 637
217 658
217 993
218 376
218 599
218 854
219 226
219 774
219 796
220 586
220 647
220 666
220 786
221 443
221 736
222 698
223 478
223 789
223 934
224 282
224 640
224 1001
225 371
225 719
226 719
227 628
227 958
228 848
228 1028
229 247
229 582
229 915
230 679
230 772
230 931
231 236
231 488
232 514
232 668
232 975
233 424
233 941
233 1006
234 418
234 805
234 910
234 935
235 404
235 670
235 970
235 1007
236 398
236 866
237 792
237 886
238 512
238 544
238 768
238 923
239 267
239 621
239 826
240 463
240 680
240 967
241 501
241 759
241 952
242 746
242 900
242 991
243 432
243 503
243 543
243 762
244 413
244 623
244 644
244 956
245 310
245 525
245 768
246 367
246 573
246 661
246 799
247 560
247 711
248 445
248 598
248 963
249 405
249 714
249 990
250 491
250 562
250 661
250 771
251 285
251 299
251 598
252 793
253 301
253 616
253 783
254 469
254 899
255 363
255 479
256 453
256 569
256 807
256 816
257 739
257 825
258 495
258 1007
259 928
259 963
260 489
260 1012
261 399
261 808
261 964
262 384
262 926
263 431
263 835
263 864
264 512
264 923
265 287
265 440
266 375
266 480
266 737
267 926
268 363
268 470
268 479
268 564
269 746
269 756
269 982
269 991
270 583
270 731
271 662
271 715
271 900
271 936
272 844
272 913
272 981
273 360
273 550
273 744
274 463
274 828
275 385
275 699
276 515
277 553
277 789
277 934
278 695
278 918
279 350
279 740
280 368
280 672
281 294
281 460
281 634
281 949
282 383
282 546
282 749
283 776
283 831
283 950
284 314
284 517
284 639
285 307
285 929
286 400
286 461
286 993
287 589
287 658
288 289
288 315
288 674
289 723
290 339
290 361
290 876
291 607
291 662
291 936
292 573
292 663
292 799
292 1010
293 359
293 418
293 670
293 805
294 404
294 970
295 339
295 519
295 698
295 1031
296 700
296 751
296 987
296 1006
297 835
297 1014
298 501
298 543
298 896
298 952
299 835
299 929
300 427
300 912
301 482
301 760
301 921
302 525
302 750
302 1002
303 397
303 902
304 309
304 429
304 466
305 512
305 652
305 1034
306 345
306 354
307 891
307 919
308 343
308 557
308 654
309 701
309 845
310 382
310 907
311 456
311 844
311 981
311 997
312 438
312 597
312 841
312 994
313 407
313 596
313 1024
314 904
315 742
315 761
316 818
316 927
317 454
317 962
317 1023
318 920
319 526
319 706
319 855
320 792
321 856
321 999
322 345
322 599
322 1005
323 376
324 536
325 933
325 968
326 794
326 1034
327 336
327 531
327 857
327 870
328 373
328 417
328 424
329 577
329 635
329 1018
329 1032
330 741
330 828
330 917
331 720
331 832
331 985
332 705
332 763
332 983
333 430
333 538
333 925
334 776
334 950
335 360
335 494
335 684
336 801
336 1014
337 366
337 649
337 782
337 1031
338 344
338 485
338 820
338 1021
339 364
339 695
340 434
341 484
341 989
342 519
342 698
344 492
344 881
345 455
345 750
346 391
346 847
346 958
347 1008
347 1012
348 403
348 709
348 846
348 911
349 531
349 685
349 778
349 884
350 783
351 983
352 544
352 768
353 576
353 687
353 1022
354 652
354 1034
356 523
357 496
357 723
357 842
358 955
359 766
359 897
360 802
361 383
361 695
361 918
362 580
362 942
363 465
363 703
364 649
364 876
364 1031
365 425
365 502
365 1008
366 507
366 969
367 631
367 1004
368 876
369 648
369 720
369 811
369 955
370 424
370 751
370 1006
371 852
372 572
372 574
373 702
373 818
374 453
374 569
374 589
375 529
375 568
375 790
377 776
377 831
378 493
378 625
378 869
378 943
379 388
379 752
379 791
379 851
380 630
380 871
381 408
381 977
381 1019
382 512
382 652
382 768
384 488
384 578
384 646
385 489
385 578
385 621
386 460
386 634
386 665
386 850
387 425
388 572
389 473
389 587
389 760
389 921
390 490
390 859
391 836
391 863
392 561
392 574
393 539
393 617
393 682
394 436
394 734
394 889
395 568
395 678
395 794
395 877
396 779
396 882
397 760
397 906
398 894
399 412
399 822
400 726
400 1029
401 599
401 1005
402 585
402 770
402 885
403 1030
404 634
404 766
405 632
405 1000
406 551
406 604
406 873
408 586
408 666
409 982
409 991
410 486
410 700
410 941
410 1006
411 697
411 763
411 847
412 451
412 954
413 624
413 992
414 902
414 922
415 607
415 659
415 974
416 437
416 1011
417 510
419 516
419 926
420 472
420 525
420 1002
421 438
421 533
421 890
422 779
422 807
422 816
423 468
423 667
423 834
424 510
425 428
425 858
426 427
426 579
427 971
427 1027
428 1008
429 436
429 837
429 1017
430 716
430 753
431 445
431 598
431 608
432 638
432 944
432 1001
433 496
433 723
433 867
434 592
435 696
435 803
435 901
436 466
438 1032
439 588
439 730
440 642
441 686
442 582
442 776
443 667
444 938
445 558
445 777
446 504
446 787
446 995
447 784
447 824
447 1026
448 818
448 927
448 950
449 741
449 917
450 582
450 629
450 915
452 830
452 933
452 965
453 458
454 872
454 957
455 599
455 854
456 594
456 718
457 641
457 693
457 908
458 658
458 816
458 993
459 510
459 852
460 727
460 797
461 664
461 810
461 883
462 743
462 793
462 796
463 787
463 939
464 570
464 616
464 739
465 564
465 977
465 1019
466 476
466 845
467 736
467 869
468 785
468 973
469 896
469 952
470 689
470 857
470 870
471 522
471 826
471 947
472 613
473 716
473 840
474 511
474 633
474 732
474 872
475 479
475 596
476 999
477 758
478 791
478 851
479 689
480 568
480 678
481 949
482 528
482 783
483 584
483 684
484 978
485 618
485 619
485 998
486 785
486 833
487 721
487 834
487 898
489 593
490 974
491 492
491 937
492 820
492 953
493 609
494 538
494 657
494 925
495 515
497 523
497 688
497 809
498 663
498 799
498 953
499 677
499 808
499 964
500 650
500 885
500 948
501 520
502 548
502 622
502 858
503 638
503 764
504 707
505 844
505 887
505 997
506 746
506 961
506 986
507 782
507 938
508 570
508 792
508 862
508 886
509 909
510 725
511 1023
513 719
514 627
515 956
516 861
516 1020
518 572
518 574
518 653
519 695
520 759
520 853
521 542
521 682
521 888
522 699
522 713
523 1003
524 625
524 736
524 869
525 681
526 629
526 893
527 819
529 602
530 774
530 796
530 973
531 542
531 801
532 536
532 972
533 577
533 1032
534 832
534 955
535 629
535 893
535 915
536 537
536 1015
537 910
537 935
539 1025
539 1026
540 912
540 935
540 1030
541 773
541 801
541 864
542 870
542 884
543 764
544 901
545 583
545 984
546 770
547 590
549 669
549 817
549 966
550 814
551 741
553 850
553 897
555 571
555 778
555 884
556 980
556 1004
557 612
557 922
558 817
559 686
559 923
560 582
561 710
562 651
563 716
564 857
564 860
565 704
566 704
566 745
567 782
567 920
567 938
568 620
570 740
570 945
571 696
571 728
571 803
572 752
573 984
574 710
575 885
575 948
576 642
576 899
577 666
579 978
579 1027
580 813
580 986
581 678
581 819
581 877
583 755
584 780
584 989
585 834
585 848
586 916
587 612
588 849
588 913
590 633
591 712
591 844
593 1012
594 994
594 997
595 709
595 865
595 992
597 691
598 835
600 691
600 1018
600 1024
601 694
602 735
602 790
603 871
603 983
605 865
605 971
605 1027
606 673
606 795
606 866
607 1013
608 738
608 777
608 864
609 838
609 943
610 637
610 838
612 654
612 906
613 809
614 1034
615 827
615 888
616 921
617 812
618 813
618 986
619 758
619 1021
620 790
620 794
621 699
622 660
623 709
623 911
623 992
624 644
624 701
625 690
625 987
626 979
626 1003
627 645
628 836
629 656
630 717
631 661
632 927
632 950
633 904
634 951
635 703
636 672
636 759
637 1029
640 749
640 762
640 853
641 800
642 1022
643 775
646 679
646 772
647 988
648 707
648 843
649 969
650 692
650 918
652 907
653 752
655 821
655 824
657 684
659 988
660 673
660 705
660 795
662 1013
663 671
663 804
664 779
664 816
664 993
665 727
665 789
669 738
669 777
670 766
671 948
671 1010
672 757
674 723
674 742
675 805
675 910
675 972
676 794
676 877
677 727
677 797
679 861
680 996
682 884
684 802
685 773
685 801
685 905
686 696
686 901
687 764
688 1003
689 888
690 943
690 976
691 841
692 770
692 885
694 881
697 863
697 875
699 826
702 769
703 1019
704 854
705 875
706 976
707 955
707 995
711 882
712 934
713 947
713 990
714 765
714 879
717 874
718 830
718 981
722 965
722 974
724 731
724 781
724 814
724 895
725 852
725 892
726 893
727 964
728 778
728 960
729 774
729 833
730 849
730 897
731 744
732 880
732 904
733 756
733 775
733 982
734 742
737 861
737 1020
738 1016
739 945
740 792
743 798
743 874
744 814
748 862
748 886
748 908
750 907
755 984
757 969
758 798
758 874
761 989
762 1001
763 875
764 896
766 951
770 848
771 937
774 1033
777 817
778 905
779 883
780 909
784 979
785 1033
786 916
788 832
791 934
793 798
793 881
795 875
797 949
798 1021
800 862
800 908
803 812
804 948
806 817
806 966
807 903
808 822
810 915
811 843
812 914
813 942
815 830
815 913
815 981
819 868
820 937
821 827
822 954
823 922
824 827
825 945
827 1025
828 939
829 985
829 1011
833 941
833 1033
836 940
838 1029
839 1008
839 1012
840 921
841 1018
841 1032
842 925
843 873
845 999
846 1030
847 863
847 1016
849 932
850 951
855 893
855 976
857 1014
858 892
859 974
860 977
860 1014
862 945
863 940
866 894
867 889
868 877
870 888
871 966
872 880
872 1023
880 957
881 1021
882 883
890 988
891 916
891 1013
894 940
896 899
897 951
898 973
901 923
902 906
905 960
906 922
909 980
909 1004
911 956
912 971
924 928
924 963
928 942
930 936
932 968
937 961
944 1028
946 1027
947 1009
954 962
958 960
961 998
967 994
968 972
973 1033
979 1026
984 1010
986 998
990 1000
990 1009
1001 1028
