1035 1880
0 646
0 934
0 1007
1 437
1 452
1 558
1 1026
2 101
2 103
2 490
2 970
3 398
3 550
3 611
3 909
4 256
4 611
4 722
5 708
5 734
5 825
5 844
6 64
6 842
6 960
6 1025
7 463
7 728
7 758
7 975
8 205
8 209
8 823
9 78
9 119
10 384
10 761
10 838
10 847
11 32
11 61
11 358
11 953
12 109
12 703
12 730
12 846
13 25
13 194
13 458
13 797
14 267
14 368
14 914
14 966
15 327
15 377
15 803
15 833
16 23
16 109
16 199
16 846
17 96
17 502
17 675
17 797
18 307
18 888
18 964
19 344
19 488
19 923
20 82
20 304
20 571
20 639
21 23
21 215
21 504
21 628
22 345
22 347
22 584
22 662
23 407
23 512
24 259
24 436
24 453
24 599
25 243
25 584
25 732
26 83
26 462
26 995
27 295
27 678
27 1010
28 240
28 442
28 633
28 938
29 69
29 551
29 671
29 1031
30 170
30 478
30 776
30 840
31 124
31 293
31 346
31 922
32 201
32 511
32 860
33 65
33 283
33 405
33 409
34 585
34 978
35 272
35 532
35 911
35 930
36 359
36 795
36 798
37 607
37 625
38 71
38 131
38 355
38 702
39 622
39 947
39 958
40 298
40 862
40 898
40 973
41 572
41 669
41 707
41 773
42 363
42 529
42 557
43 108
43 216
43 451
43 688
44 211
44 367
44 690
44 720
45 229
45 282
45 578
46 134
46 160
46 582
46 619
47 106
47 323
47 843
47 977
48 719
48 882
48 954
49 66
49 121
49 433
49 489
50 710
50 982
50 984
51 430
51 849
51 947
51 990
52 168
52 556
52 931
53 436
53 453
53 663
53 999
54 165
54 178
54 540
54 950
55 109
55 676
55 683
55 730
56 90
56 283
56 598
56 691
57 291
57 314
57 814
57 894
58 205
58 853
59 453
59 479
59 663
60 406
60 717
60 792
61 860
61 994
62 147
62 715
62 962
63 441
63 485
63 560
64 429
64 447
64 1030
65 212
65 245
65 949
66 345
66 352
66 537
67 157
67 487
68 276
68 541
68 585
68 612
69 132
69 426
69 920
70 97
70 122
70 524
70 919
71 246
71 305
71 664
72 379
72 796
72 888
73 112
73 343
73 417
73 975
74 497
74 696
74 748
75 182
75 420
75 443
75 660
76 267
76 368
76 804
76 955
77 667
77 967
78 608
78 620
78 737
79 550
79 592
79 611
80 188
80 334
80 421
81 235
81 316
81 390
81 567
82 627
82 887
83 165
83 178
84 189
84 221
84 518
84 562
85 389
85 464
85 520
85 832
86 626
86 863
86 992
87 426
87 581
87 901
87 937
88 204
88 448
88 625
88 885
89 322
89 581
89 793
89 937
90 245
90 459
90 676
91 687
91 694
91 851
91 981
92 258
92 315
92 582
92 941
93 332
93 763
93 830
94 623
94 917
94 956
94 1015
95 240
95 682
95 831
95 973
96 202
96 634
96 903
97 599
97 709
98 314
98 589
98 1013
99 340
99 351
99 356
99 492
100 464
100 520
100 843
100 977
101 121
101 622
101 958
102 113
102 531
102 712
102 939
103 533
103 622
103 848
104 274
104 364
104 701
105 232
105 422
105 849
105 990
106 536
106 677
107 319
107 734
107 1022
107 1032
108 402
108 565
108 936
109 470
110 308
110 577
110 819
110 1019
111 285
111 534
111 714
111 854
112 270
112 388
112 630
113 207
113 218
113 952
114 222
114 459
114 836
115 321
115 541
115 612
116 312
116 335
116 721
116 822
117 473
117 654
117 824
117 902
118 263
118 377
118 750
118 833
119 495
119 523
119 737
120 173
120 365
120 491
120 960
121 200
121 490
122 177
122 311
122 479
123 141
123 783
123 876
123 913
124 315
124 368
124 955
125 233
125 287
125 415
125 869
126 163
126 235
126 567
127 187
127 250
127 573
127 1007
128 428
128 635
128 674
128 945
129 471
129 927
129 959
130 392
130 670
130 916
130 1033
131 274
131 387
131 701
132 213
132 412
132 855
133 143
133 509
133 718
133 818
134 280
134 644
135 272
135 486
136 254
136 419
136 507
136 1029
137 365
137 519
137 727
138 325
138 448
138 512
138 885
139 154
139 445
139 536
140 151
140 627
140 764
140 886
141 330
141 1002
142 152
142 277
142 648
142 893
143 392
143 568
143 1033
144 196
144 494
144 645
145 168
145 333
145 395
145 782
146 544
146 889
147 743
147 976
148 634
148 870
148 1022
149 389
149 685
149 832
150 362
150 449
150 516
151 519
151 621
151 727
152 320
152 810
152 816
153 242
153 431
153 605
153 924
154 171
154 323
155 243
155 564
155 732
155 752
156 308
156 577
156 610
156 800
157 749
157 831
158 405
158 409
158 684
158 861
159 231
159 247
159 252
159 336
160 259
160 299
160 689
161 253
161 413
161 563
161 878
162 187
162 618
162 641
162 765
163 531
163 591
163 712
164 772
164 792
164 966
164 969
165 768
165 850
166 240
166 633
166 749
166 831
167 185
167 373
167 413
167 878
168 223
168 729
169 193
169 307
169 877
169 888
170 476
170 566
171 445
171 741
172 463
172 659
172 795
172 798
173 429
173 1013
174 235
174 552
174 642
174 673
175 388
175 711
175 826
176 225
176 344
176 774
177 257
177 606
177 830
178 306
178 868
179 340
179 492
179 631
179 1027
180 488
180 506
180 917
180 923
181 515
181 592
181 647
181 782
182 438
182 497
183 381
183 653
183 695
183 799
184 229
184 726
184 769
185 541
185 585
185 600
186 515
186 897
186 978
187 518
187 1010
188 406
189 573
189 616
190 637
190 751
190 875
190 961
191 214
191 331
191 378
191 753
192 535
192 881
192 948
192 1034
193 528
194 202
194 243
194 560
195 509
195 718
195 1012
196 268
196 572
196 707
197 394
197 576
197 682
197 997
198 227
198 669
198 708
198 844
199 325
199 470
199 512
200 230
200 433
200 958
201 358
201 687
202 410
202 797
203 596
203 788
203 823
203 840
204 357
204 467
205 397
206 427
206 681
206 928
206 974
207 809
207 829
207 974
208 314
208 589
208 740
208 814
209 503
209 639
209 780
210 551
210 561
210 671
211 545
211 552
211 1025
212 294
212 469
212 660
213 920
213 954
214 381
214 799
214 874
215 407
215 449
216 377
216 617
216 750
217 251
217 300
217 542
217 725
218 712
218 928
218 974
219 302
219 473
219 651
219 686
220 243
220 485
220 560
220 564
221 359
221 821
222 656
222 694
223 395
223 525
223 556
224 463
224 659
224 728
224 1011
225 779
225 866
225 972
226 273
226 507
226 520
226 977
227 516
227 649
228 260
228 308
228 760
228 800
229 266
229 421
230 466
230 595
230 745
231 255
231 296
231 859
232 335
232 786
232 884
233 372
233 835
233 910
234 325
234 687
234 981
235 391
236 400
236 446
236 766
236 790
237 364
237 513
237 540
237 701
238 334
238 665
238 713
238 858
239 509
239 648
239 775
239 1012
240 271
241 506
241 741
242 382
242 783
242 876
244 354
244 387
244 513
244 701
245 283
245 294
246 589
246 699
246 1013
247 255
247 566
247 857
248 385
248 949
248 967
248 1017
249 276
249 612
249 783
250 731
250 1010
251 309
251 807
251 985
252 632
252 704
252 859
253 647
253 905
253 931
254 264
254 450
254 956
255 317
255 587
256 629
256 866
256 972
257 301
257 424
257 444
258 644
258 801
258 1005
259 619
259 705
260 360
260 657
260 761
261 285
261 326
261 559
261 987
262 319
262 361
262 379
262 796
263 570
263 877
263 1026
264 380
264 419
265 548
265 984
266 282
266 726
266 746
267 288
267 790
268 362
268 1014
269 365
269 727
269 842
269 960
270 343
270 574
271 442
271 898
271 973
272 496
272 530
273 719
273 806
273 882
274 586
274 702
275 726
275 769
275 1021
276 330
277 777
277 808
277 996
278 554
278 621
278 727
278 842
279 850
279 856
279 1027
280 409
280 619
280 861
281 312
281 784
281 822
282 889
284 341
284 536
284 677
284 1018
285 302
285 762
286 620
286 709
286 737
287 602
288 407
288 804
289 313
289 659
289 795
289 1001
290 633
290 890
290 938
291 335
291 786
291 822
292 441
292 773
292 903
293 475
293 941
294 418
294 459
295 535
295 948
296 587
296 791
296 845
297 307
297 437
297 964
297 968
298 484
298 555
298 1001
299 456
299 705
300 597
300 872
300 985
301 398
301 606
301 747
302 326
302 854
303 375
303 602
303 614
303 916
304 384
304 887
304 989
305 355
305 589
305 740
306 375
307 411
308 360
309 717
309 792
309 969
310 522
310 618
310 765
310 993
311 601
311 606
311 919
312 667
313 576
313 643
313 997
314 658
315 1005
316 349
316 738
317 477
317 811
317 857
318 778
318 905
319 583
319 932
320 509
320 648
320 818
321 431
321 521
321 605
322 331
322 706
322 1008
323 483
323 741
324 465
324 812
324 964
325 511
326 473
326 654
327 451
327 650
327 834
328 381
328 399
328 874
328 1032
329 472
329 481
329 922
330 661
330 978
331 374
331 799
332 424
332 742
332 900
333 755
333 779
333 866
334 486
335 422
336 476
336 566
336 704
337 586
337 817
337 892
338 573
338 616
338 646
338 1007
339 385
339 539
339 696
340 347
340 662
341 577
341 588
341 610
342 351
342 533
342 841
342 867
343 636
343 802
344 672
344 982
345 458
345 489
346 368
346 772
346 966
347 856
347 1027
348 408
348 432
348 454
348 672
349 371
349 390
349 756
350 553
350 607
350 828
350 918
351 354
351 970
352 433
352 675
352 805
353 661
353 747
353 897
353 978
354 492
354 841
355 386
355 387
356 490
356 662
356 970
357 553
357 607
357 625
358 594
358 829
359 802
359 911
360 780
360 819
361 502
361 583
361 907
362 504
362 707
363 633
363 749
363 996
364 868
364 892
365 396
366 528
366 787
366 805
366 907
367 552
367 642
367 781
369 602
369 614
370 817
370 892
370 906
371 401
372 415
372 501
372 983
373 600
373 778
373 788
374 378
374 725
374 1008
375 794
375 906
376 650
376 834
376 909
376 943
377 451
378 771
378 1024
379 839
379 932
380 506
380 917
380 956
381 514
382 495
382 924
383 601
383 913
383 957
384 571
384 815
385 469
386 740
386 841
386 867
387 841
388 417
388 544
389 806
389 1034
390 391
391 545
391 552
392 590
392 818
393 736
393 951
393 1006
394 487
394 646
395 454
395 779
396 460
396 491
397 778
397 788
397 823
398 444
398 517
399 514
399 839
399 932
400 813
400 914
400 921
401 545
402 423
402 688
402 715
403 527
403 752
403 762
403 767
404 649
404 680
404 785
404 921
405 949
405 1017
406 472
407 846
408 445
408 525
410 441
410 560
410 903
411 437
411 877
411 1026
412 426
412 581
412 935
413 778
413 905
414 597
414 665
414 858
414 985
415 568
415 1033
416 466
416 570
416 877
417 440
418 420
418 660
419 483
419 741
420 438
420 836
422 721
422 739
423 430
423 990
424 943
425 748
425 894
425 988
426 551
427 609
427 998
428 438
428 744
428 836
429 543
429 960
430 1000
431 711
431 1020
432 506
432 923
433 595
434 442
434 757
434 938
435 526
435 666
435 770
436 619
436 861
438 674
439 478
439 580
439 776
440 758
440 975
441 895
443 497
443 539
444 909
444 943
445 626
446 449
447 543
447 666
447 770
448 511
448 860
449 504
450 723
450 855
450 1029
451 565
452 629
452 972
453 524
454 525
454 926
455 579
455 853
455 979
456 613
456 620
457 638
457 791
457 908
457 951
458 537
458 584
459 656
460 724
460 944
460 989
461 934
462 767
462 871
462 899
463 636
464 933
464 983
465 548
465 710
466 787
466 1004
467 471
468 579
468 905
468 931
469 539
469 949
470 683
471 994
472 769
473 828
474 734
474 844
474 870
474 1022
475 481
475 499
475 922
476 764
476 886
477 580
477 624
477 1020
478 697
479 524
479 830
480 529
480 918
480 959
480 1009
481 769
481 1021
482 603
482 763
482 962
483 507
484 546
484 827
484 862
485 987
486 496
486 713
487 682
487 831
488 984
489 490
489 662
491 699
491 944
492 513
493 546
493 638
493 736
493 951
494 716
495 593
495 876
496 532
496 1023
497 756
498 757
498 809
498 994
499 941
499 1021
500 700
500 786
500 884
500 942
501 568
501 832
502 634
503 596
503 823
504 1014
505 743
505 967
505 976
507 719
508 581
508 623
508 793
508 935
510 703
510 730
510 801
510 1005
511 687
512 628
513 631
514 695
514 812
515 563
515 759
516 669
516 707
517 550
517 747
517 897
518 573
518 765
519 627
519 887
520 806
521 580
521 1020
522 532
522 562
522 1023
523 876
523 913
523 957
524 599
525 626
526 748
526 988
527 768
527 850
528 796
528 888
529 890
529 946
530 578
530 930
531 567
531 945
532 821
533 942
533 970
534 575
534 810
534 871
535 615
536 863
537 675
538 758
538 811
538 880
538 1028
539 660
540 631
540 868
542 547
542 807
542 1024
543 1013
544 630
544 963
545 1030
546 891
546 1011
547 680
547 813
547 921
548 695
549 617
549 750
549 1004
550 759
551 901
554 690
554 720
554 986
555 576
555 682
555 973
556 626
556 992
557 808
557 946
557 996
558 629
558 803
558 833
559 564
559 762
561 665
561 713
562 765
563 647
564 987
565 650
565 929
566 776
567 738
568 718
569 586
569 702
569 724
569 944
570 750
570 1004
571 657
571 761
572 645
572 895
574 578
574 630
574 930
575 854
575 893
575 912
576 1001
577 1018
579 992
580 857
582 644
582 689
583 634
583 1022
584 856
585 878
586 991
587 811
587 880
588 677
588 735
588 933
590 670
590 816
590 899
591 637
591 673
592 755
592 759
593 889
594 635
594 952
595 805
596 896
597 789
598 676
598 730
598 801
599 705
600 697
601 640
601 1002
602 869
603 663
603 999
604 749
604 777
604 996
605 612
605 783
606 640
607 902
608 726
608 746
609 757
609 809
609 974
610 735
611 925
613 1021
614 906
615 806
615 1034
616 643
616 997
617 688
618 671
618 1031
621 886
621 986
622 1003
623 723
623 864
624 811
624 1028
625 716
627 896
628 885
628 1014
631 950
632 679
632 690
632 986
635 744
635 939
636 798
636 975
637 904
638 728
639 657
640 747
641 678
641 1010
641 1031
642 668
642 904
644 691
645 824
646 997
647 729
648 777
649 708
649 766
650 742
651 854
651 912
651 1009
652 743
652 967
652 1017
653 706
653 864
653 879
654 987
655 692
655 847
656 676
656 683
657 780
658 894
658 988
659 827
661 1002
663 763
664 699
664 702
664 944
666 988
667 721
668 754
668 781
668 852
669 1016
670 794
670 995
671 993
672 923
672 926
673 904
674 738
677 843
678 920
679 781
679 852
679 859
680 771
680 1024
681 875
681 965
681 998
684 999
684 1017
685 881
685 1034
686 828
686 918
686 1009
689 941
690 781
691 801
692 760
692 800
693 775
693 1012
694 744
694 836
695 879
696 784
697 788
697 840
698 791
698 845
698 951
698 1006
700 740
700 814
700 867
703 804
703 955
704 886
704 986
706 793
706 799
708 785
709 919
709 957
710 964
710 968
711 924
712 961
713 1023
714 762
714 767
714 871
715 936
716 1014
717 858
717 985
719 1029
720 842
720 1025
721 976
722 755
722 866
723 935
723 956
725 872
725 1024
728 908
729 782
729 931
731 934
731 1007
732 856
733 751
733 875
733 891
733 965
734 915
735 835
735 910
736 751
736 891
737 957
738 945
739 976
739 990
742 929
742 943
744 851
745 958
745 1004
746 889
748 784
753 771
753 825
753 874
754 904
754 1006
755 782
757 927
758 908
760 761
760 847
763 900
764 896
766 921
767 768
770 1030
772 922
773 895
773 1016
774 972
774 982
775 777
776 857
785 825
786 814
789 872
789 901
790 914
791 880
793 864
794 916
796 907
798 802
800 883
803 834
804 846
807 813
807 969
808 912
809 953
810 865
810 893
812 839
813 873
815 838
816 818
816 865
817 980
817 991
819 853
820 881
820 934
820 948
821 911
822 894
825 915
826 1028
827 1001
827 1011
828 902
829 952
829 953
832 983
833 1026
835 883
837 868
837 892
837 906
838 980
838 991
843 933
844 1016
845 852
845 859
848 884
848 942
848 1003
849 884
849 1003
850 950
852 1006
853 1019
855 935
855 954
861 999
862 965
863 979
863 1018
864 1015
865 871
865 899
867 942
869 916
870 1016
872 1008
873 914
873 966
873 969
874 915
875 928
879 1015
880 908
881 971
890 927
890 959
898 965
898 998
899 995
900 929
900 962
909 925
910 933
910 983
912 946
913 1002
915 1032
918 940
920 1031
924 963
927 938
928 961
932 1032
936 962
937 1008
939 945
939 952
940 959
946 1009
947 1000
947 1003
950 1027
953 994
954 1029
955 1005
968 982
971 1012
979 992
979 1019
993 1023
1018 1019
1025 1030
