1948 3535
0 622
0 727
0 926
0 1003
1 650
1 1001
1 1380
1 1864
2 768
2 1157
2 1329
2 1831
3 584
3 1000
3 1623
3 1876
4 219
4 254
4 1129
4 1438
5 407
5 487
5 884
5 1133
6 14
6 508
6 548
6 1052
7 111
7 793
7 1152
7 1809
8 240
8 864
8 1174
8 1721
9 1090
9 1150
9 1570
10 570
10 1313
10 1417
10 1744
11 924
11 1169
11 1389
11 1899
12 260
12 342
12 597
12 1604
13 205
13 445
13 997
13 1223
14 58
14 734
15 1226
15 1457
15 1589
16 535
16 987
16 1406
16 1934
17 112
17 277
17 330
17 1854
18 442
18 459
18 834
18 1872
19 187
19 609
19 877
20 981
20 1346
20 1385
20 1432
21 761
21 1013
21 1469
21 1660
22 1251
22 1365
22 1902
23 900
23 1248
23 1693
24 76
24 1234
24 1270
24 1279
25 295
25 898
25 1699
25 1786
26 68
26 319
26 743
27 220
27 1011
27 1342
27 1866
28 288
28 656
28 1263
28 1381
29 268
29 1220
29 1914
30 1033
30 1162
30 1849
31 163
31 315
31 435
31 1860
32 744
32 1439
32 1584
32 1670
33 192
33 478
33 789
33 918
34 804
34 1382
34 1853
35 691
35 755
35 862
35 1476
36 497
36 860
36 1848
37 114
37 801
37 892
38 484
38 1446
38 1602
38 1740
39 198
39 555
39 1353
39 1488
40 94
40 1041
40 1520
41 1103
41 1425
41 1637
42 252
42 297
42 996
42 1617
43 287
43 891
43 1428
43 1518
44 703
44 1176
44 1357
44 1584
45 71
45 148
45 947
45 1551
46 47
46 1429
46 1467
46 1929
47 1298
47 1856
47 1877
48 176
48 190
48 621
49 332
49 344
49 365
49 785
50 629
50 1478
50 1688
50 1772
51 312
51 334
51 839
51 1295
52 99
52 1256
52 1627
52 1926
53 67
53 1027
53 1610
54 323
54 973
54 1039
54 1364
55 255
55 391
55 697
56 663
56 712
56 944
56 1049
57 116
57 569
57 665
57 1288
58 325
58 766
58 1052
59 238
59 486
59 1527
60 238
60 249
60 512
61 152
61 633
61 1217
61 1651
62 97
62 470
62 1200
63 427
63 523
63 1562
63 1587
64 205
64 770
64 997
65 787
65 1748
65 1938
65 1942
66 990
66 1358
66 1925
67 1602
67 1740
68 1435
68 1482
68 1757
69 1207
69 1277
69 1287
69 1802
70 143
70 1036
70 1066
70 1127
71 197
71 298
71 618
72 363
72 986
73 86
73 320
73 577
73 810
74 93
74 1426
74 1740
75 114
75 510
75 1628
76 838
76 1064
76 1558
77 186
77 544
77 1023
78 102
78 137
78 324
78 347
79 540
79 565
79 1473
79 1661
80 781
80 887
80 1112
80 1261
81 206
81 359
81 1378
81 1554
82 124
82 848
83 897
83 1478
83 1725
83 1786
84 638
84 1541
84 1582
84 1739
85 641
85 949
85 1250
85 1466
86 695
86 1214
86 1248
87 635
87 946
87 1220
87 1239
88 508
88 1052
88 1152
88 1809
89 481
89 1304
89 1320
90 108
90 705
90 974
90 1736
91 310
91 713
91 1215
91 1858
92 256
92 1092
92 1783
93 301
93 441
93 772
94 603
94 714
95 189
95 593
95 893
96 209
96 228
96 861
96 1837
97 824
97 1428
97 1518
98 824
98 1259
98 1428
98 1585
99 172
99 434
99 620
100 715
100 991
100 1164
100 1710
101 947
101 1290
101 1551
102 574
102 1498
102 1680
103 136
103 828
103 1219
104 526
104 670
104 1167
104 1323
105 285
105 567
105 1143
105 1193
106 1446
106 1804
107 459
107 1079
107 1355
107 1872
108 1265
108 1510
109 282
109 809
109 1644
110 341
110 1708
110 1813
110 1896
111 602
111 1724
111 1935
112 173
112 350
112 1928
113 631
113 903
113 1851
114 559
114 616
115 571
115 689
115 1055
115 1285
116 394
116 1213
116 1409
117 576
117 587
117 649
117 1707
118 192
118 526
118 670
119 763
119 879
119 1631
119 1692
120 521
120 673
120 1803
120 1916
121 215
121 333
121 372
121 1947
122 311
122 1341
122 1650
123 486
123 512
124 614
124 815
124 1158
125 593
125 893
125 1065
125 1787
126 408
126 752
126 1246
126 1696
127 547
127 1149
127 1326
127 1746
128 575
128 642
128 1344
128 1384
129 166
129 701
129 1282
130 1486
130 1567
130 1805
130 1852
131 239
131 407
131 1374
131 1798
132 279
132 914
132 1501
132 1550
133 395
133 611
134 611
134 1427
134 1662
135 222
135 1117
135 1134
135 1795
136 580
136 1297
136 1793
137 1467
137 1498
137 1530
138 212
138 370
138 1066
138 1252
139 1080
139 1232
139 1240
139 1781
140 578
140 1206
140 1303
140 1889
141 423
141 562
141 1045
141 1734
142 489
142 1456
142 1488
142 1890
143 409
143 700
143 1784
144 312
144 1020
144 1035
144 1327
145 910
145 1062
145 1452
145 1581
146 1396
146 1483
146 1526
147 692
147 709
147 1168
147 1416
148 618
148 925
148 1648
149 282
149 505
149 566
150 354
150 439
150 1590
150 1605
151 940
152 157
152 909
152 1051
153 457
153 598
153 1056
153 1325
154 164
154 183
154 1402
154 1780
155 562
155 1045
155 1053
155 1779
156 408
156 430
156 752
156 1398
157 161
157 299
157 1289
158 655
158 935
158 1665
158 1755
159 422
159 1269
159 1334
159 1812
160 294
160 1187
160 1437
161 1143
161 1193
161 1312
162 965
162 979
162 1046
162 1121
163 175
163 872
163 1509
164 998
164 1404
164 1932
165 213
165 1253
165 1753
166 460
166 1318
166 1633
167 859
167 1286
167 1513
168 372
168 528
168 1497
168 1590
169 210
169 1083
169 1643
170 292
170 1037
170 1339
170 1638
171 254
171 1304
171 1320
171 1514
172 1418
172 1926
173 330
173 864
173 1721
174 602
174 610
174 1726
174 1935
175 315
175 375
175 917
176 659
176 782
176 1552
177 256
177 1092
177 1489
178 625
178 1723
179 191
179 777
179 1273
179 1337
180 241
180 979
180 1730
181 651
181 1341
181 1677
181 1777
182 285
182 567
182 916
182 994
183 545
183 658
183 998
184 838
184 1064
184 1528
185 246
185 1061
185 1126
186 340
186 501
186 1366
187 820
187 1145
187 1649
188 1302
188 1650
188 1749
188 1861
189 518
189 1137
189 1655
190 1422
190 1722
190 1789
191 1061
191 1912
191 1927
192 760
192 1012
193 226
193 528
193 1766
193 1819
194 552
194 881
194 1440
194 1922
195 221
195 321
195 1491
196 849
196 1030
196 1079
196 1355
197 947
197 1320
198 288
198 759
198 1377
199 1490
199 1502
199 1924
200 922
200 1157
200 1329
201 306
201 837
201 1576
201 1691
202 388
203 319
203 980
203 1811
204 424
204 460
204 605
204 1108
205 369
206 402
206 645
206 1007
207 1123
207 1494
207 1634
208 393
208 450
208 583
208 1701
209 968
209 1325
209 1547
210 963
210 1182
210 1393
211 433
211 1676
211 1813
212 1125
212 1171
212 1321
213 1168
213 1791
214 346
214 1214
214 1516
215 318
215 400
216 530
216 1257
216 1328
217 432
217 585
217 1818
217 1825
218 1210
218 1859
218 1911
219 265
219 1524
219 1830
220 1622
221 1122
221 1523
221 1944
222 253
222 688
222 1732
223 802
223 1203
223 1244
223 1336
224 686
224 756
225 636
225 662
226 963
226 1025
226 1182
227 868
227 909
227 948
228 1376
228 1729
228 1873
229 862
229 1144
229 1476
229 1846
230 1229
230 1440
230 1861
231 342
231 1541
231 1567
231 1739
232 1280
232 1776
233 275
233 756
233 889
233 1372
234 461
234 895
234 1575
235 303
235 539
235 707
235 1918
236 1431
236 1560
236 1892
236 1943
237 456
237 1005
237 1107
237 1367
238 1293
239 468
239 1070
239 1444
240 782
240 1305
240 1552
241 1341
241 1571
241 1677
242 600
242 1235
242 1284
242 1645
243 517
243 536
243 689
243 1779
244 651
244 755
244 1665
245 606
245 877
245 1524
246 639
246 1375
246 1689
247 624
247 1647
247 1727
247 1790
248 1062
248 1581
248 1768
248 1851
249 771
249 1047
249 1875
250 374
250 636
250 662
250 679
251 303
251 496
251 1417
251 1744
252 988
253 666
253 1117
253 1654
254 298
254 933
255 762
255 951
255 1566
256 1376
256 1729
257 1181
257 1280
258 485
258 768
258 1157
258 1247
259 748
259 827
259 1018
259 1906
260 905
260 1224
260 1718
261 785
261 1178
261 1681
261 1743
262 534
262 708
262 1828
263 367
263 459
263 834
264 929
264 1077
264 1421
264 1909
265 1129
265 1166
265 1470
266 568
266 1574
266 1856
266 1877
267 875
267 1307
267 1569
267 1712
268 382
268 788
268 1443
269 1130
269 1548
269 1853
269 1915
270 416
270 567
270 994
270 1034
271 866
271 1002
271 1013
271 1469
272 1358
272 1433
272 1574
272 1856
273 425
273 1138
273 1280
273 1776
274 1384
274 1387
274 1817
275 1174
275 1683
275 1721
276 703
276 1584
276 1670
276 1862
277 1176
277 1584
278 365
278 785
278 930
278 1743
279 1315
279 1845
279 1908
280 941
280 953
280 1040
280 1640
281 283
281 1816
282 376
282 686
283 336
283 674
283 927
284 852
284 1026
284 1930
285 812
285 1299
286 357
286 901
286 1828
287 1345
287 1603
287 1933
288 972
288 1909
289 521
289 1170
289 1803
289 1822
290 617
290 839
290 1494
291 786
291 1017
291 1024
291 1274
292 443
292 757
292 1519
293 307
293 781
293 1261
293 1338
294 916
294 994
294 1507
295 659
295 693
295 1520
296 739
296 1500
296 1690
296 1758
297 367
297 1109
298 1129
298 1320
299 1051
299 1312
299 1857
300 791
300 885
300 1344
300 1874
301 389
301 1427
302 412
302 809
302 971
303 1800
303 1917
304 572
304 694
304 1425
304 1652
305 413
305 823
305 855
306 948
306 1702
306 1815
307 1194
307 1310
307 1546
308 589
308 767
308 1521
308 1575
309 643
309 1374
309 1798
309 1883
310 457
310 637
310 1103
311 1521
311 1730
312 813
312 932
313 349
313 910
313 1333
313 1452
314 616
314 1419
314 1460
314 1578
315 1223
315 1533
316 351
316 1078
316 1557
316 1656
317 567
317 868
317 1034
317 1143
318 1113
318 1701
318 1947
319 1757
319 1788
320 705
320 1106
320 1736
321 536
321 818
321 1523
322 363
322 1081
322 1254
322 1404
323 631
323 903
323 1640
324 574
324 1415
325 792
325 1176
325 1357
326 1163
326 1211
326 1378
326 1682
327 380
327 559
327 908
327 1821
328 838
328 1539
328 1558
328 1704
329 426
329 640
329 821
330 537
330 1439
331 881
331 1745
331 1861
332 1271
332 1831
333 517
333 1053
333 1779
334 1541
334 1582
334 1709
335 426
335 587
335 1707
336 1408
336 1464
337 761
337 1381
337 1738
338 695
338 1050
338 1248
339 512
339 1592
339 1754
339 1762
340 1275
340 1698
341 949
341 1250
341 1351
342 1224
342 1612
343 728
343 766
343 1646
343 1725
344 688
344 1271
344 1732
345 608
345 815
345 987
345 1406
346 414
346 852
346 1930
347 1415
347 1467
347 1929
348 555
348 1456
348 1488
348 1789
349 560
349 1595
349 1879
350 864
350 898
350 1699
351 797
351 1027
351 1241
352 487
352 550
352 884
352 1272
353 579
353 661
353 1666
354 1195
354 1454
354 1769
355 469
355 488
355 1314
356 863
356 1124
356 1160
356 1175
357 1068
357 1532
357 1759
358 721
358 1212
358 1251
358 1410
359 1139
359 1886
360 681
360 894
360 1573
361 420
361 716
361 1413
361 1672
362 406
362 885
362 1249
362 1426
363 1780
363 1863
364 1619
365 688
365 1308
366 407
366 884
366 1374
367 996
368 553
368 1245
368 1496
368 1630
369 1223
369 1533
369 1663
370 788
370 1321
370 1443
371 849
371 1079
371 1380
371 1864
372 517
373 543
373 911
373 1301
373 1788
374 888
374 1773
375 584
375 724
375 1533
376 1387
376 1644
377 386
377 806
377 904
377 1074
378 557
378 753
378 1345
378 1555
379 833
379 849
379 1030
380 730
380 738
380 1407
381 450
381 583
381 1364
381 1529
382 1036
382 1728
383 523
383 1047
383 1281
384 595
384 1527
384 1770
385 811
385 1332
385 1692
386 847
386 1173
386 1634
387 665
387 1090
387 1155
388 1135
388 1836
389 441
389 816
389 1268
390 827
390 1348
390 1906
391 762
391 1141
391 1330
392 846
392 1028
392 1221
393 400
393 856
393 1025
394 1114
394 1226
395 470
395 1200
396 768
396 902
396 1271
396 1831
397 1379
397 1503
397 1564
397 1695
398 440
398 1298
398 1433
398 1856
399 1447
399 1723
399 1734
400 1701
400 1819
401 672
401 749
401 1556
402 629
402 1554
402 1764
403 1123
403 1327
403 1494
404 1028
404 1260
404 1907
405 436
405 1761
405 1888
406 429
406 772
406 1636
407 1444
408 1237
408 1283
409 1504
409 1763
410 627
410 1054
410 1091
411 928
411 1228
411 1260
411 1369
412 822
412 906
412 1814
413 889
413 1599
413 1787
414 695
414 1214
414 1466
415 696
415 1333
415 1731
416 847
416 1173
416 1276
417 602
417 1726
417 1871
418 898
418 1646
418 1725
418 1786
419 752
419 1200
419 1696
420 1587
420 1894
421 424
421 605
421 1197
421 1307
422 1264
422 1403
423 967
423 978
423 1751
424 1101
424 1796
425 900
425 1681
425 1743
426 692
426 709
427 1938
427 1942
428 715
428 814
428 1710
428 1751
429 1363
429 1662
430 596
430 795
430 1540
431 1042
431 1567
431 1739
431 1852
432 591
432 787
432 1748
433 622
433 666
433 1117
434 1418
434 1914
435 922
435 1329
436 1526
436 1697
437 993
437 1315
437 1898
437 1908
438 519
438 607
438 662
438 1275
439 818
439 1454
439 1523
440 525
440 962
440 1099
441 484
441 1740
442 937
442 977
442 1290
443 1014
443 1037
443 1492
444 1355
444 1591
444 1785
444 1872
445 1453
445 1860
446 1097
446 1458
446 1653
446 1844
447 905
447 1094
447 1718
447 1873
448 1486
448 1489
448 1805
449 589
449 1202
449 1543
449 1575
450 856
450 1196
451 711
451 1564
451 1695
451 1752
452 706
452 871
452 1148
453 516
453 634
453 1614
453 1799
454 558
454 574
454 920
455 488
455 728
455 1772
456 968
456 1094
457 713
457 966
458 550
458 814
458 967
458 1751
459 746
460 741
460 1796
461 938
461 1866
462 939
462 986
462 1537
462 1792
463 785
463 1178
463 1198
464 837
464 961
464 1576
464 1720
465 552
465 1011
465 1899
466 691
466 945
466 1571
466 1677
467 1227
467 1472
467 1549
467 1598
468 1539
468 1542
468 1704
469 734
469 936
469 1593
470 611
471 508
471 832
471 1405
471 1809
472 672
472 749
472 1189
472 1423
473 1346
473 1432
473 1901
474 838
474 1528
474 1539
474 1794
475 598
475 923
475 1056
475 1543
476 545
476 658
476 668
476 1608
477 1016
477 1044
477 1245
477 1597
478 1512
478 1820
479 684
479 700
479 1396
479 1483
480 483
480 565
480 613
480 1661
481 1340
481 1359
481 1556
482 1215
482 1342
482 1858
482 1866
483 1258
483 1717
484 1268
484 1589
485 612
485 634
486 1163
486 1420
487 1705
488 595
488 1770
489 1434
489 1487
490 644
490 1048
490 1164
490 1192
491 495
491 545
491 668
491 1608
492 638
492 850
492 1582
492 1674
493 708
493 1072
493 1361
493 1828
494 948
494 1596
494 1815
495 554
495 957
495 1402
496 529
496 1917
497 1343
497 1484
497 1620
498 1092
498 1227
498 1465
498 1549
499 702
499 825
499 958
499 1639
500 719
500 1238
500 1823
500 1870
501 1393
502 591
502 654
502 936
502 1071
503 769
503 866
503 1469
503 1643
504 880
504 1142
504 1485
504 1885
505 563
505 1742
506 736
506 1432
506 1513
506 1901
507 612
507 1774
508 1071
509 565
509 1473
509 1505
509 1842
510 1084
510 1371
510 1395
511 664
511 893
511 1599
511 1787
513 973
513 993
513 1315
514 710
514 796
514 928
514 1140
515 711
515 919
515 1132
515 1752
516 702
516 825
516 1306
517 1497
518 765
518 1802
519 580
519 1297
519 1920
520 642
520 791
520 1344
520 1493
521 1136
521 1898
522 745
522 1067
522 1441
522 1511
523 1630
524 599
524 1086
524 1165
524 1461
525 615
525 1149
526 1012
526 1267
527 1614
527 1799
527 1859
528 1882
529 881
529 1417
529 1922
530 999
530 1442
530 1850
531 980
531 1349
531 1903
531 1913
532 1259
532 1585
532 1892
533 819
533 935
533 1755
533 1921
534 1408
534 1455
534 1475
535 870
535 1706
536 857
536 1497
537 775
537 1683
537 1721
538 895
538 1056
538 1543
538 1575
539 658
539 998
539 1800
540 804
540 1382
540 1887
541 900
541 930
541 1743
542 866
542 1002
542 1087
543 1392
543 1684
543 1847
544 680
544 931
544 1773
545 1402
546 591
546 787
546 936
546 1593
547 1082
548 734
548 936
548 1071
549 1086
549 1099
549 1429
549 1461
550 1624
550 1705
551 715
551 726
551 1164
551 1192
552 907
552 1622
553 660
553 796
554 1537
555 1240
555 1781
556 1236
556 1455
556 1475
556 1642
557 1120
557 1390
557 1594
558 721
558 1251
558 1365
559 730
559 801
560 882
560 1711
560 1946
561 599
561 743
561 1165
561 1826
562 978
562 995
563 1387
563 1823
564 905
564 1376
564 1873
565 1905
566 744
566 1742
568 827
568 956
569 1213
569 1441
570 939
570 1479
570 1537
571 857
571 1491
571 1579
572 739
572 1657
572 1900
573 840
573 879
573 951
573 1566
574 1716
575 960
575 1613
576 657
576 1542
576 1704
577 1106
577 1248
577 1693
578 760
578 1621
578 1785
579 1316
579 1360
579 1410
580 607
580 1219
581 705
581 850
581 1106
581 1674
582 723
582 732
582 943
582 946
583 1331
583 1414
584 773
584 1119
585 873
585 1006
586 1142
586 1185
587 657
587 709
588 641
588 676
588 826
588 1250
589 863
589 1160
590 654
590 853
590 873
590 1183
591 1825
592 858
592 1195
592 1769
593 718
593 1655
594 1027
594 1241
594 1610
595 1314
595 1517
596 1841
597 617
597 1502
597 1612
598 861
598 1783
599 1609
600 774
600 1055
600 1285
601 1114
601 1531
601 1570
602 1459
603 1422
603 1789
604 903
604 1062
604 1452
604 1545
605 1330
606 1116
606 1438
606 1450
607 800
608 981
608 1156
608 1385
609 1090
609 1450
610 685
610 1686
611 1603
612 702
612 1639
613 636
613 1905
614 736
614 848
614 959
615 940
615 1086
615 1099
616 730
616 1628
617 1709
617 1733
618 1129
618 1166
619 701
619 763
619 1282
619 1747
620 729
620 1256
621 1552
621 1722
621 1832
622 1676
623 808
623 828
623 876
623 1430
624 1000
624 1876
625 1058
625 1136
625 1760
626 1340
626 1477
626 1556
626 1884
627 958
627 1294
627 1343
628 867
628 1209
628 1232
628 1781
629 1714
629 1829
630 997
630 1225
631 1364
631 1529
632 1484
632 1565
632 1620
632 1668
633 1051
633 1482
634 702
634 1247
635 681
635 1317
636 1075
637 966
637 1394
637 1500
639 671
639 1234
639 1279
640 692
640 1449
640 1632
641 852
643 883
643 1706
644 1468
644 1803
644 1822
645 750
645 1532
646 769
646 1397
646 1643
647 658
647 1479
647 1608
647 1800
648 1204
648 1659
649 1133
649 1284
649 1542
650 664
650 893
651 1021
652 847
652 1300
652 1634
653 943
653 946
653 1177
653 1239
654 1405
654 1825
655 683
655 1534
656 929
656 1843
656 1909
657 1629
659 1699
660 1172
660 1231
660 1496
661 1212
661 1410
661 1878
662 1583
663 1172
663 1231
663 1525
664 1001
664 1180
665 969
665 1409
666 1708
666 1813
667 927
667 1017
667 1274
667 1309
669 828
669 1219
669 1258
669 1430
670 1186
670 1820
671 1154
671 1375
671 1416
672 1354
673 1898
673 1908
674 1408
674 1455
674 1816
675 1092
675 1465
675 1647
676 989
676 1125
676 1171
677 1266
677 1657
677 1664
677 1902
678 988
678 1001
678 1180
679 888
680 856
680 1023
680 1196
681 1901
682 899
682 1061
682 1126
682 1927
683 1096
683 1749
683 1777
684 1151
684 1481
685 1476
685 1726
687 812
687 920
687 1184
687 1299
688 1654
689 857
689 995
690 1535
690 1565
690 1625
690 1668
691 1021
691 1060
692 1368
693 725
693 897
693 1786
694 739
694 1394
694 1500
695 1839
696 1505
696 1842
696 1936
697 1209
697 1242
697 1566
698 1035
698 1327
699 985
699 1046
700 1127
701 1318
701 1782
703 793
703 1152
704 1212
704 1251
704 1880
704 1931
705 1004
706 707
706 1918
706 1923
707 1917
708 1408
709 1069
710 1044
710 1245
711 1019
711 1481
712 1169
712 1389
712 1525
713 895
713 1056
714 851
714 1032
714 1041
715 1278
716 1049
716 1362
716 1807
717 1097
717 1808
717 1844
718 1065
718 1207
719 1102
719 1153
719 1895
720 1014
720 1037
720 1162
721 1941
722 1349
722 1505
722 1893
723 975
723 1383
723 1689
724 917
724 1119
724 1255
725 794
725 1041
725 1520
726 984
726 1278
726 1937
727 1031
727 1600
728 1335
729 764
729 908
729 1867
730 1419
731 990
731 1326
731 1358
731 1433
732 975
732 1573
733 947
733 1290
735 1131
735 1596
735 1815
736 1158
737 938
737 1229
737 1866
738 1057
738 1267
738 1419
739 1471
740 1073
740 1347
740 1892
740 1943
741 1869
742 1112
742 1249
742 1261
742 1865
743 1301
743 1788
744 775
744 1238
745 860
745 1694
745 1848
746 1079
746 1109
746 1864
747 940
747 1684
747 1847
748 921
748 1592
748 1762
749 1304
749 1514
750 794
750 851
750 1041
751 820
751 831
751 915
752 1540
753 1046
753 1594
753 1687
754 1163
754 1378
754 1420
754 1554
755 1021
755 1658
756 855
756 1683
757 1091
757 1638
758 883
758 1156
758 1763
759 972
759 1488
759 1890
760 789
760 1303
761 841
761 1008
762 1108
762 1869
763 878
763 1029
764 1177
764 1239
765 833
765 1137
765 1141
766 792
767 938
767 1373
768 1911
769 841
769 1536
770 1508
770 1611
770 1671
771 1016
771 1451
771 1597
772 1426
772 1427
773 1533
773 1663
773 1876
774 967
774 978
774 1645
775 1439
776 1093
776 1153
776 1895
777 1061
777 1253
777 1753
778 823
778 971
778 988
778 1180
779 1348
779 1415
779 1941
780 1572
780 1625
780 1668
781 1846
782 864
782 1699
783 1186
783 1230
783 1607
783 1820
784 935
784 1665
784 1871
786 1297
786 1563
786 1920
787 798
788 1036
788 1066
789 1621
789 1919
790 809
790 823
790 971
791 1561
792 1646
792 1854
793 1862
793 1935
794 897
794 1764
795 942
795 1398
795 1841
796 1231
797 1078
797 1493
798 1474
798 1593
798 1938
799 1142
799 1185
799 1516
800 1219
800 1258
801 908
801 1867
802 1827
803 833
803 1141
803 1330
804 1626
804 1891
805 1254
805 1818
805 1894
806 1123
806 1458
806 1634
807 1016
807 1044
807 1878
808 1015
808 1684
809 960
810 1214
810 1516
810 1736
811 1029
811 1085
811 1833
812 1193
813 1004
813 1020
813 1295
814 1278
814 1624
815 848
815 1385
816 1572
816 1625
817 854
817 1210
817 1233
817 1859
818 1497
818 1590
819 871
819 1148
819 1424
820 1511
821 1491
821 1579
821 1632
822 1477
822 1557
823 1599
824 1824
825 1492
826 1026
826 1171
826 1222
827 921
829 1179
829 1197
829 1307
829 1712
830 1142
830 1485
831 969
831 1111
832 1104
832 1183
832 1724
833 1115
834 1290
835 1082
835 1793
836 1473
836 1505
836 1626
836 1893
837 934
837 1291
839 932
839 1709
840 1077
840 1147
840 1421
841 1469
842 871
842 1424
842 1767
842 1801
843 1257
843 1615
844 860
844 1370
844 1559
844 1694
845 928
845 1140
845 1369
845 1897
846 1011
846 1389
846 1899
847 1448
848 987
849 1115
850 1004
850 1295
851 1532
851 1759
852 1466
853 1399
853 1424
853 1801
854 1436
854 1577
854 1607
855 889
856 1678
858 1263
858 1381
859 1528
859 1934
860 1484
861 1325
861 1729
862 1060
862 1338
863 1521
865 886
865 1048
865 1827
866 1522
867 1147
867 1353
867 1421
868 1289
868 1462
869 1302
869 1373
869 1650
870 1528
870 1794
870 1934
871 1923
872 1178
872 1198
873 1801
873 1825
874 887
874 1112
874 1817
874 1874
875 1371
875 1388
875 1578
876 1445
877 1450
877 1649
878 879
878 951
878 1282
879 1077
880 1503
880 1756
882 1720
882 1879
883 1191
883 1883
884 1218
885 1588
886 1679
886 1885
887 1093
888 1581
888 1768
889 983
890 934
890 953
890 1291
891 1076
891 1345
891 1555
892 1022
892 1188
892 1867
894 1286
894 1513
894 1901
895 1215
896 1075
896 1842
896 1936
897 1829
898 1928
899 1188
899 1383
900 1776
901 1487
901 1759
901 1775
902 1911
902 1939
903 1311
904 1458
904 1840
905 1486
906 971
906 988
906 1499
907 924
907 1899
907 1922
908 1256
909 1217
909 1289
910 1936
911 980
911 1392
911 1913
912 1190
912 1331
912 1414
912 1480
913 1045
913 1053
913 1723
914 1097
914 1328
914 1808
915 1441
915 1511
916 1299
916 1437
917 1138
917 1509
918 925
918 1512
918 1919
919 1088
919 1218
920 1365
920 1716
921 956
921 1059
922 1860
923 1549
923 1598
923 1783
924 1205
924 1778
925 1551
925 1810
926 1544
926 1675
926 1676
927 1464
928 1750
929 1631
930 1401
931 1196
931 1768
931 1851
932 1327
932 1494
933 1116
933 1438
933 1514
935 1412
937 1621
937 1919
938 1262
939 1313
939 1352
940 1350
941 1039
941 1315
941 1845
942 1294
942 1620
943 1188
943 1383
944 964
944 1169
944 1352
945 965
945 1060
945 1667
948 1217
949 1839
949 1896
950 1084
950 1101
950 1273
950 1796
951 1869
952 1367
952 1690
952 1758
953 1146
953 1845
954 1397
954 1605
954 1766
955 1305
955 1372
956 976
956 1574
957 1479
957 1537
957 1608
958 1054
958 1669
959 987
959 1934
960 1644
961 1435
961 1711
961 1757
962 1149
962 1326
962 1433
963 1366
963 1678
964 1049
964 1792
964 1807
965 1463
965 1571
966 1325
966 1547
967 1705
968 1690
968 1837
969 1155
969 1288
970 1066
970 1252
970 1761
972 1381
972 1738
973 1190
973 1331
974 1004
974 1020
975 1234
975 1270
976 1059
977 1621
977 1785
978 1055
979 1124
979 1571
980 1788
981 1685
982 1508
982 1611
982 1727
982 1790
983 1065
983 1372
983 1787
984 1192
984 1503
984 1756
985 1110
985 1175
985 1881
989 1250
989 1351
989 1855
990 1816
991 1170
991 1447
991 1822
992 1348
992 1415
992 1929
993 1190
993 1835
994 1276
995 1055
995 1779
996 1340
997 1453
999 1257
999 1641
1000 1805
1000 1852
1001 1703
1002 1098
1002 1361
1003 1031
1003 1057
1003 1544
1005 1094
1005 1490
1005 1718
1006 1081
1006 1254
1006 1818
1007 1068
1007 1532
1008 1434
1008 1660
1008 1738
1009 1028
1009 1637
1010 1220
1010 1239
1010 1914
1011 1221
1012 1296
1012 1303
1013 1072
1013 1361
1014 1161
1014 1306
1015 1159
1015 1430
1015 1838
1016 1666
1017 1087
1017 1464
1018 1316
1018 1451
1018 1592
1019 1483
1019 1526
1019 1695
1020 1244
1021 1677
1022 1927
1023 1366
1023 1678
1024 1087
1024 1243
1024 1563
1025 1678
1025 1819
1026 1888
1027 1493
1028 1797
1029 1692
1029 1747
1030 1179
1030 1197
1031 1167
1031 1323
1032 1487
1032 1759
1033 1063
1033 1105
1033 1230
1034 1173
1034 1462
1035 1244
1035 1336
1036 1784
1037 1830
1038 1160
1038 1175
1038 1472
1038 1881
1039 1640
1040 1311
1042 1181
1042 1623
1043 1305
1043 1552
1043 1832
1044 1140
1046 1463
1047 1597
1048 1468
1048 1679
1049 1172
1050 1401
1050 1839
1050 1896
1051 1735
1052 1357
1053 1947
1054 1519
1057 1167
1057 1407
1058 1170
1058 1447
1058 1723
1059 1135
1059 1762
1060 1546
1063 1089
1063 1810
1063 1849
1064 1270
1064 1286
1067 1145
1067 1848
1068 1139
1069 1154
1069 1416
1070 1539
1070 1794
1070 1798
1071 1405
1072 1660
1072 1775
1073 1508
1073 1671
1074 1173
1074 1462
1074 1840
1075 1905
1076 1259
1076 1618
1077 1631
1078 1814
1080 1277
1080 1722
1080 1832
1081 1713
1082 1309
1082 1746
1083 1393
1083 1522
1084 1569
1084 1912
1085 1332
1085 1449
1085 1632
1086 1350
1087 1098
1088 1132
1088 1374
1088 1883
1089 1230
1089 1512
1089 1820
1091 1519
1091 1945
1093 1741
1094 1837
1095 1334
1095 1446
1095 1602
1096 1201
1096 1515
1096 1534
1097 1850
1098 1464
1100 1474
1100 1806
1100 1938
1101 1307
1101 1569
1102 1686
1103 1394
1103 1858
1104 1399
1104 1412
1104 1459
1105 1233
1105 1859
1107 1490
1107 1924
1108 1330
1109 1703
1110 1618
1110 1687
1111 1288
1112 1588
1113 1480
1114 1409
1114 1804
1115 1137
1115 1380
1116 1189
1116 1553
1118 1207
1118 1277
1118 1832
1119 1181
1119 1623
1120 1194
1120 1310
1121 1124
1121 1175
1122 1332
1122 1568
1122 1715
1123 1771
1124 1730
1125 1855
1125 1940
1126 1383
1126 1689
1127 1396
1128 1346
1128 1728
1130 1349
1130 1893
1130 1913
1131 1691
1131 1808
1132 1151
1132 1481
1133 1444
1134 1436
1134 1732
1135 1211
1135 1682
1136 1170
1136 1835
1138 1255
1138 1681
1139 1236
1139 1475
1140 1878
1143 1289
1144 1686
1144 1741
1145 1506
1145 1511
1146 1291
1146 1550
1147 1209
1148 1659
1148 1755
1149 1445
1150 1495
1150 1553
1151 1191
1151 1883
1152 1357
1153 1686
1153 1741
1154 1279
1154 1629
1156 1406
1156 1685
1158 1385
1158 1432
1159 1392
1159 1673
1159 1684
1160 1202
1161 1162
1161 1614
1163 1754
1164 1822
1165 1301
1165 1350
1166 1648
1167 1267
1168 1368
1171 1252
1172 1362
1174 1305
1174 1372
1176 1854
1177 1188
1177 1867
1178 1509
1179 1355
1179 1591
1180 1599
1181 1255
1182 1766
1183 1399
1183 1405
1184 1365
1184 1664
1184 1902
1185 1265
1185 1510
1186 1323
1186 1616
1187 1266
1187 1367
1187 1758
1189 1391
1189 1514
1190 1760
1191 1763
1192 1679
1193 1680
1194 1261
1194 1865
1195 1397
1195 1605
1196 1529
1198 1329
1198 1831
1199 1228
1199 1425
1199 1652
1200 1540
1201 1204
1201 1659
1202 1472
1202 1598
1203 1510
1203 1827
1204 1917
1205 1313
1205 1417
1205 1922
1206 1388
1206 1578
1208 1259
1208 1560
1208 1618
1208 1892
1209 1287
1210 1436
1211 1836
1211 1886
1212 1897
1213 1370
1213 1694
1216 1272
1216 1564
1216 1586
1216 1752
1217 1702
1218 1272
1218 1752
1220 1317
1221 1342
1222 1252
1222 1761
1223 1860
1224 1486
1224 1567
1225 1696
1225 1824
1226 1804
1226 1910
1227 1431
1227 1943
1228 1797
1229 1262
1229 1622
1230 1233
1231 1907
1232 1277
1232 1287
1233 1607
1234 1689
1235 1285
1236 1836
1236 1886
1237 1246
1237 1619
1237 1774
1238 1670
1238 1742
1240 1722
1240 1789
1241 1635
1241 1656
1242 1287
1242 1802
1243 1522
1245 1281
1246 1606
1247 1911
1249 1588
1249 1636
1253 1337
1253 1601
1254 1863
1255 1280
1256 1821
1257 1916
1260 1750
1260 1797
1262 1302
1262 1373
1263 1769
1263 1843
1264 1269
1264 1423
1264 1495
1265 1516
1265 1736
1266 1437
1266 1471
1267 1296
1268 1535
1268 1625
1269 1531
1269 1570
1270 1573
1271 1939
1272 1624
1273 1633
1273 1912
1274 1297
1274 1793
1275 1583
1275 1920
1276 1448
1276 1507
1278 1586
1279 1558
1281 1597
1281 1630
1282 1869
1283 1398
1283 1669
1283 1774
1284 1707
1285 1579
1286 1573
1291 1691
1292 1657
1292 1880
1292 1900
1292 1902
1293 1527
1293 1806
1294 1398
1294 1669
1295 1582
1296 1419
1296 1460
1298 1429
1299 1664
1300 1448
1300 1733
1301 1847
1303 1460
1304 1556
1306 1492
1306 1614
1308 1654
1308 1765
1309 1793
1310 1594
1311 1545
1311 1640
1312 1498
1312 1680
1313 1778
1314 1474
1314 1593
1316 1666
1316 1906
1318 1601
1319 1386
1319 1675
1319 1676
1321 1940
1322 1454
1322 1769
1322 1843
1323 1600
1324 1430
1324 1717
1324 1838
1328 1501
1328 1850
1331 1364
1332 1944
1333 1595
1333 1936
1334 1403
1334 1610
1335 1478
1335 1725
1335 1772
1336 1641
1337 1633
1338 1546
1338 1846
1339 1524
1339 1830
1340 1617
1341 1719
1344 1580
1345 1390
1346 1411
1347 1465
1347 1508
1347 1790
1348 1360
1349 1731
1350 1847
1351 1813
1352 1778
1353 1377
1353 1781
1354 1635
1354 1656
1354 1884
1356 1434
1356 1487
1356 1660
1356 1775
1360 1906
1360 1941
1362 1413
1362 1496
1363 1636
1363 1933
1366 1393
1368 1449
1368 1791
1370 1910
1371 1628
1373 1521
1375 1753
1376 1489
1377 1421
1377 1909
1378 1886
1379 1485
1379 1700
1382 1661
1382 1904
1384 1580
1384 1613
1386 1855
1386 1926
1386 1940
1387 1613
1388 1889
1390 1933
1391 1495
1391 1553
1392 1548
1394 1425
1395 1912
1395 1927
1397 1536
1400 1557
1400 1656
1400 1884
1401 1765
1403 1635
1404 1713
1404 1780
1407 1544
1407 1821
1410 1941
1411 1504
1411 1728
1412 1871
1412 1921
1413 1562
1413 1587
1414 1701
1418 1443
1420 1714
1424 1921
1429 1538
1431 1472
1431 1881
1434 1890
1435 1576
1435 1651
1436 1939
1437 1664
1438 1524
1440 1622
1441 1694
1442 1653
1443 1914
1444 1542
1445 1746
1446 1589
1447 1710
1448 1924
1449 1833
1450 1553
1451 1666
1451 1875
1453 1606
1454 1568
1455 1925
1457 1535
1457 1565
1457 1910
1458 1771
1459 1724
1459 1871
1461 1538
1463 1594
1463 1667
1465 1943
1466 1839
1467 1538
1468 1615
1470 1830
1471 1657
1471 1758
1473 1887
1474 1517
1476 1658
1477 1617
1478 1829
1480 1760
1481 1483
1482 1651
1482 1826
1484 1559
1490 1604
1491 1944
1492 1519
1493 1561
1495 1570
1496 1562
1498 1857
1500 1547
1501 1908
1502 1604
1502 1733
1504 1685
1504 1784
1506 1638
1506 1649
1507 1924
1509 1681
1512 1810
1515 1745
1515 1749
1515 1861
1517 1527
1517 1806
1518 1603
1522 1643
1523 1568
1525 1907
1526 1700
1529 1851
1530 1538
1530 1857
1531 1804
1531 1812
1534 1659
1534 1755
1535 1589
1541 1612
1543 1598
1544 1627
1545 1879
1546 1667
1547 1690
1548 1673
1548 1913
1550 1808
1550 1845
1551 1919
1554 1714
1555 1687
1557 1814
1558 1629
1559 1565
1559 1910
1560 1881
1562 1630
1564 1937
1576 1702
1577 1616
1577 1795
1578 1628
1580 1817
1580 1874
1583 1698
1585 1671
1586 1624
1586 1937
1587 1942
1588 1874
1590 1882
1591 1712
1591 1889
1592 1875
1595 1731
1595 1946
1596 1840
1596 1844
1600 1616
1600 1795
1601 1782
1602 1610
1603 1662
1605 1882
1606 1619
1607 1616
1609 1735
1609 1826
1611 1663
1612 1709
1613 1644
1615 1803
1615 1916
1620 1841
1623 1852
1626 1887
1626 1915
1627 1675
1627 1821
1629 1704
1631 1834
1632 1944
1633 1796
1636 1865
1637 1797
1639 1669
1639 1774
1642 1836
1642 1925
1645 1705
1646 1928
1648 1810
1648 1849
1650 1719
1651 1702
1652 1900
1653 1771
1653 1850
1655 1802
1658 1726
1661 1717
1662 1933
1663 1727
1668 1841
1670 1870
1672 1807
1672 1894
1673 1838
1673 1853
1679 1756
1680 1716
1682 1754
1682 1762
1685 1763
1688 1714
1688 1770
1691 1815
1692 1834
1695 1700
1697 1888
1698 1773
1703 1864
1706 1794
1706 1798
1708 1765
1710 1734
1711 1720
1711 1811
1713 1767
1713 1932
1715 1834
1717 1904
1719 1749
1719 1777
1724 1809
1728 1784
1729 1783
1731 1903
1732 1939
1734 1751
1735 1857
1737 1880
1737 1900
1737 1931
1741 1846
1742 1823
1744 1800
1747 1782
1747 1833
1748 1818
1750 1907
1756 1885
1757 1811
1760 1835
1765 1896
1766 1882
1767 1923
1768 1773
1770 1772
1775 1828
1782 1791
1785 1889
1791 1833
1811 1946
1816 1925
1823 1895
1834 1868
1835 1898
1837 1873
1838 1904
1842 1905
1843 1868
1848 1945
1853 1904
1854 1928
1862 1870
1863 1894
1877 1929
1878 1897
1887 1891
1893 1915
1897 1931
1903 1946
1918 1932
1923 1932
