4014 4361
0 1050
0 1310
0 3247
1 1693
2 844
2 2047
2 2062
3 657
3 1224
3 1991
3 2349
4 1356
5 547
6 3119
7 477
7 766
7 2937
8 335
8 727
8 975
9 2497
9 3457
10 1328
10 1839
11 2228
11 2461
12 2902
13 527
13 1683
13 2872
14 70
14 1434
14 3466
15 790
15 2128
15 3993
16 2314
16 2548
17 2607
17 2647
18 2058
18 3716
19 2023
19 3283
20 72
20 2361
21 3270
22 1325
22 2593
24 1268
24 2164
25 1385
25 2453
26 427
27 2013
27 3244
27 3841
28 1781
28 2036
28 2458
29 3430
30 1330
30 1334
30 1392
30 3352
31 2964
31 3894
32 1970
32 2458
33 1292
33 2090
33 3337
34 100
34 135
34 621
34 1731
35 860
36 1859
37 658
37 3644
38 1714
38 2655
39 1347
39 2528
40 2227
40 2320
40 2634
41 1190
41 1931
41 3876
42 2497
43 1479
43 2398
44 1149
44 2081
44 2584
44 3593
45 672
45 1285
46 1928
46 3797
47 256
47 362
48 1220
48 2195
48 3667
49 964
50 207
51 191
51 1759
51 2983
52 877
52 2474
53 2719
53 2849
54 2022
54 2024
55 217
55 1458
56 3514
56 3641
57 1548
57 1893
58 1210
58 1381
58 3754
59 1404
59 2663
60 681
60 3197
61 2045
61 2798
62 1030
63 2695
65 2102
65 3691
66 1081
66 3082
66 3690
67 2946
67 3483
68 1266
68 1475
69 1048
69 1893
70 757
70 758
71 378
71 1565
71 2584
72 3773
73 1098
73 2638
74 342
74 1121
74 2177
74 2190
75 1814
75 3069
76 274
76 3776
77 409
78 1914
78 1959
79 596
80 1627
80 1722
81 482
82 2577
82 3806
83 2542
83 3135
84 458
84 1983
84 2104
84 3865
85 1371
85 2574
85 3552
86 1199
86 1936
86 3133
87 1237
87 1569
87 2283
88 3735
89 3180
89 3517
90 1645
90 1681
90 2261
90 3476
91 3103
91 3763
92 2152
93 177
93 2157
94 2506
94 3154
95 1164
95 1317
95 2233
96 1333
96 1986
97 131
98 3012
98 3091
98 3469
99 3319
99 3470
100 1949
100 2919
100 3808
101 724
102 2421
102 3232
103 3140
104 1730
104 3097
105 2168
105 2602
105 2754
105 3399
106 652
106 3491
107 262
107 3163
108 1207
108 1382
108 2726
109 2265
109 3721
110 2003
110 3212
111 1551
111 1885
112 197
112 2951
113 121
114 437
114 1287
114 3883
115 313
115 2556
116 1687
116 2414
116 2415
116 3963
117 751
117 3359
117 3560
118 232
118 1190
119 280
119 2443
119 3739
120 2242
120 3498
121 430
121 1903
121 3259
122 1498
122 1602
122 3375
122 3393
123 197
124 1944
125 167
125 429
126 3655
128 1438
128 1804
129 697
130 2006
130 2697
131 537
131 2313
132 345
132 2331
132 2503
133 462
133 3709
134 2075
135 1493
135 2919
136 831
136 1456
136 3598
137 218
137 1159
137 2346
138 565
138 994
138 2592
139 140
139 2365
139 2479
139 3388
140 3264
140 3985
141 1802
142 1411
142 2740
143 380
143 814
143 1262
143 3295
144 1258
144 2220
144 2254
145 1787
145 1849
145 1995
146 2148
146 2300
146 3632
147 891
147 1963
147 2198
148 800
148 3881
149 2080
149 2325
149 3260
149 3305
150 2299
150 3375
151 1807
151 2337
152 1804
153 2653
154 780
154 1379
155 733
155 1913
156 441
156 1592
157 1780
157 3223
158 3540
159 975
160 2312
160 3874
160 3911
161 953
161 1794
161 2019
162 514
162 2155
163 1348
163 2450
164 2603
165 2528
166 332
166 1403
166 2803
166 3581
167 2479
167 3123
168 759
168 1106
169 833
169 3063
170 760
171 1659
171 1763
171 3478
172 264
172 2893
172 3686
173 1398
174 1165
175 2051
175 2523
175 2667
176 1220
176 1437
178 2042
178 2380
178 2904
179 1226
179 3080
180 679
180 1458
181 1340
181 1446
181 1900
182 1377
182 2323
182 3579
183 1268
183 2164
184 1522
184 1982
185 1755
185 3624
186 1035
186 1778
187 1056
187 3165
187 3976
188 1234
188 1620
189 3605
189 3958
190 1247
190 3843
192 274
192 1173
192 2866
192 3223
193 336
193 3435
193 3679
194 1782
194 2003
194 3207
194 3710
195 1354
195 2335
196 1587
196 1993
197 341
197 897
198 293
198 3215
199 1144
199 1419
199 2417
199 3438
200 877
200 2474
201 1427
202 1692
203 1466
204 698
204 1160
205 2406
205 3397
206 3476
206 3817
207 3374
208 830
208 845
209 1375
209 1596
209 2559
210 1310
210 2782
210 3247
211 883
211 3161
211 3348
212 1192
212 3703
213 1237
213 3908
214 444
214 1972
214 2418
215 1533
215 2348
215 2922
216 2783
216 3192
216 3708
217 326
218 3576
219 710
219 2458
219 3824
220 2466
220 2823
220 3134
221 988
222 3090
223 427
223 482
223 1768
224 926
224 2456
225 1198
225 3793
226 1341
227 563
227 1295
228 1955
228 3178
229 3552
230 316
230 2090
230 3379
231 1334
231 2354
231 2446
231 2550
232 512
232 2586
233 2998
234 1736
234 2792
235 2345
236 470
236 2671
237 4010
238 475
238 732
239 1372
239 1884
239 3214
240 526
240 2263
241 280
241 1430
242 339
242 2256
242 2842
242 2956
243 3425
243 3805
244 1678
244 2607
244 3794
245 943
245 3002
245 3459
246 1016
246 2425
247 2219
247 2379
247 2712
248 624
248 722
248 1340
248 3816
249 2963
250 879
250 3512
251 364
251 3028
251 3753
252 2547
252 3402
253 1643
253 2129
254 2665
254 3428
254 3770
255 989
255 2175
256 1800
257 1355
258 2036
258 3292
259 1032
259 2567
259 2764
259 3747
260 2277
261 370
261 493
262 946
263 640
263 3086
264 2181
264 2367
265 690
265 3361
266 2511
267 978
267 1397
267 2862
267 3402
268 2399
268 3073
269 1336
270 383
270 2487
271 1287
271 2336
271 3226
272 570
272 1028
272 1047
272 1981
273 948
274 1112
275 1143
275 1230
275 2544
275 3050
276 588
276 1639
276 3405
277 587
277 1898
278 3335
278 3874
279 2457
280 3429
281 421
281 2436
282 1632
282 3362
283 435
283 1750
283 3104
284 951
284 1720
284 3910
285 2903
285 3924
286 2235
286 3789
287 1045
287 2282
288 2596
288 3119
288 3949
289 357
289 2236
289 2837
289 3169
290 1911
290 3834
291 3490
292 3687
294 1125
294 3389
294 3684
295 1314
295 2185
295 3100
296 298
296 1394
297 413
297 422
297 464
297 1260
298 933
299 3684
300 615
300 957
300 2138
300 2614
301 2459
301 2858
302 2871
302 3289
302 3434
303 722
303 1711
304 1056
304 2379
304 2947
305 656
305 1723
305 3307
306 1059
306 3838
307 1617
307 2445
307 3222
308 1519
308 2224
308 3107
309 3551
310 1409
310 3279
311 1849
312 1472
312 1606
312 3640
313 536
313 3935
314 1977
314 2243
314 2403
315 2320
315 2694
315 2888
316 1989
316 2046
317 2015
317 3080
318 1199
318 1752
318 3133
319 2428
319 3431
320 2785
321 1148
321 2991
322 1069
323 3749
324 1968
324 2001
324 2588
325 803
326 2930
326 4007
327 1537
328 1141
329 451
329 2427
330 533
330 1282
330 2961
331 1485
331 2485
332 2795
333 2253
333 2602
333 3399
333 3749
334 2418
335 1127
336 2538
337 349
337 1716
337 2391
338 2208
338 3658
340 2558
341 413
341 422
341 2099
342 1493
342 3044
343 702
343 2077
343 2166
344 1620
344 2512
347 1396
348 2138
348 2614
349 2844
350 3500
351 1087
351 1258
351 2998
352 1558
353 1061
353 3314
353 3378
354 2289
355 1279
355 1577
355 1859
356 784
356 1621
357 1694
357 3109
358 2230
358 3588
359 2477
359 2689
359 2921
359 3316
360 813
360 1145
360 2724
360 2945
361 3659
362 3185
363 2015
364 625
365 1467
365 2693
366 2444
366 2960
367 1029
367 2513
368 769
368 1935
369 1960
369 2790
369 3462
369 3671
370 2196
371 1077
371 2077
372 3226
372 3699
373 2428
374 1605
375 1201
375 2043
375 3366
376 420
376 1422
377 1289
377 1555
377 3998
379 1690
379 2623
380 791
381 3103
382 1491
382 1954
383 2188
384 2429
384 3618
384 3851
385 1845
386 2400
386 3430
387 855
388 606
388 2934
389 873
389 2044
390 2435
390 3168
391 916
391 3238
391 3307
392 703
392 3440
393 934
393 3541
394 2273
394 3127
394 3912
395 871
395 2198
396 2222
396 2966
397 867
397 2920
398 2672
399 2805
400 2106
400 2347
401 458
401 1983
401 3093
402 1572
402 2319
403 781
403 2855
403 3594
404 639
404 3346
405 1431
405 1581
406 1422
406 2636
407 588
407 2143
408 872
408 1322
409 2431
409 2534
410 2210
410 3082
412 1506
412 3643
414 898
414 1060
414 1386
415 1992
415 2829
415 3627
416 866
416 1185
416 1398
416 2161
417 842
417 1234
417 3074
418 2805
418 3698
419 497
419 3562
419 3956
420 664
420 3489
421 1867
421 3755
422 2662
422 3733
423 1442
423 3477
423 3744
424 3958
425 1834
425 1948
425 3201
426 516
426 1802
426 2436
426 3589
427 1361
427 2924
428 491
428 2090
428 2864
429 1656
429 3813
430 3459
431 597
431 1878
431 3922
432 858
432 1197
432 2431
432 3029
433 478
433 1576
434 2756
434 3045
435 979
435 1896
436 968
436 1057
436 1196
436 1587
437 867
437 3965
438 592
438 3535
439 2247
440 2563
440 3888
441 570
441 1047
441 2522
442 1013
442 1604
442 2295
442 3567
444 2692
444 2942
444 3000
445 628
445 896
445 3091
446 2861
447 1271
447 1457
448 2774
449 630
449 1735
449 2127
450 2384
450 3525
451 890
451 3814
452 490
452 2811
453 3570
454 1331
454 2600
455 3007
455 3099
455 3318
456 3428
457 2159
457 2382
457 2862
458 3603
459 2599
459 2660
459 3673
460 2810
461 1725
462 2941
463 3026
464 1308
464 1319
464 3148
465 513
465 1289
465 1856
465 2451
466 1633
466 2724
466 3452
467 1573
467 2024
467 2767
467 2959
468 3462
469 1164
469 2233
470 1075
470 2570
471 930
471 1517
472 1299
472 3504
473 2212
473 3943
474 564
474 1690
475 3047
476 2319
476 2508
478 641
478 2139
478 3843
479 1046
479 3645
480 1543
480 3500
480 3692
481 2980
482 3609
483 2909
483 3394
484 2316
484 2417
484 3438
485 1410
486 736
486 3034
487 2528
487 2537
488 1486
488 1491
489 2682
491 3886
492 735
493 3278
494 1548
494 2044
494 3166
495 569
496 1540
496 1555
496 2736
496 2883
497 654
497 993
498 680
498 3859
499 1607
499 2339
499 3967
500 594
500 1457
500 2103
500 2993
501 3558
502 2635
503 1898
503 3546
504 2856
505 1605
505 1708
505 3564
506 986
507 2435
507 2769
508 1865
508 1987
508 2183
509 1249
509 2315
509 3450
510 1305
510 3424
511 1679
511 3305
513 1821
514 2184
514 3228
514 3630
515 3120
515 3919
516 3467
517 1049
517 3132
518 3770
519 692
519 1054
520 2646
520 2732
521 914
521 1900
521 2170
522 632
522 2333
523 2560
523 2628
523 3508
524 3420
524 3523
525 3530
525 4009
526 2372
526 2451
528 544
528 602
529 1043
529 3255
530 1102
530 1273
530 2474
531 3545
532 2954
533 2258
534 1556
535 2206
535 2449
536 2352
536 2556
537 2478
537 3064
538 3219
539 1383
539 2927
539 3952
539 3984
540 1421
540 1567
540 3048
541 990
541 1342
541 2747
542 1924
542 3927
543 818
543 1966
544 2945
544 3822
545 1331
546 2131
546 2397
546 3842
547 1403
547 3581
548 1232
548 1351
549 1726
549 2401
549 3596
549 3960
550 1732
550 3260
551 1580
551 1794
551 3338
552 3210
552 3974
553 2001
554 1254
554 1476
554 1722
554 2352
555 1534
555 1960
555 3571
556 1716
556 3429
557 2302
557 2683
558 1694
558 2293
558 2802
558 3109
559 3389
559 3630
560 1360
560 2580
560 3792
561 979
561 3575
562 2093
562 3279
563 3970
565 2817
566 2554
567 1510
567 1709
567 1844
568 1967
568 2056
569 932
571 610
571 2830
571 3244
572 3003
572 3267
573 3033
574 1317
574 1781
575 2561
575 3294
575 3600
575 3994
576 2524
576 2869
577 3285
577 3516
578 1937
578 2342
579 2740
579 2757
579 3271
579 3724
580 970
580 2116
581 2992
582 1019
582 2380
582 3016
583 2879
583 3200
584 1254
585 2355
586 900
586 1022
586 3875
586 3980
588 3371
589 3519
589 3860
590 1490
590 3502
591 918
591 3367
592 694
593 2427
593 3650
593 3992
594 1000
595 663
595 3783
596 3263
597 1005
597 1006
597 2240
598 1307
599 906
599 1363
600 3321
601 1700
601 1789
602 2761
602 3452
603 605
603 1346
603 2965
604 1419
604 2039
604 2445
605 1368
606 3915
607 2985
608 3384
609 3916
610 1681
611 2282
611 3718
612 2221
612 3415
612 3917
614 2876
614 3473
615 1778
616 765
616 2603
616 2878
617 1054
617 1473
618 1023
618 3667
618 3799
619 2505
619 2926
619 3308
620 733
620 2272
621 977
623 1678
623 3184
624 744
625 1109
625 1348
626 2545
626 3962
627 2884
627 3780
628 1025
628 2677
629 3259
630 2770
630 3291
631 2996
631 3381
632 2488
632 3167
634 2215
635 2598
635 3502
635 3543
636 2244
636 2387
637 911
637 3352
638 2723
638 3178
639 2655
641 1786
642 1945
642 3769
643 1697
643 2575
644 695
644 1480
644 3313
645 2494
646 1622
647 1846
647 3752
648 3197
649 772
649 900
649 3882
650 2075
650 2281
651 3547
653 837
653 2833
653 3285
654 856
654 1142
655 2200
656 1015
657 945
658 912
659 2753
660 1557
661 1238
661 1636
661 2779
662 749
662 1359
663 2102
663 3322
664 938
664 1618
665 1669
666 1650
666 3755
666 3896
667 1109
667 2814
668 1974
669 1890
669 1952
669 2515
669 2742
670 1029
670 1680
671 1181
671 2390
672 2932
673 781
673 2355
673 3594
674 992
674 3796
675 2324
675 2539
675 3209
676 944
676 1727
676 2427
677 774
677 1509
678 2023
678 2191
678 2898
679 1571
679 2447
681 2519
682 2089
683 2787
683 3428
684 2870
685 1861
685 2774
686 1619
686 3839
686 3875
687 1123
687 2119
688 1109
688 2450
689 1568
689 1793
689 1822
689 2118
690 918
690 1014
690 1043
691 2455
691 3132
692 1146
693 3910
694 3872
695 3638
696 2245
696 2938
697 2067
698 2295
698 3322
699 1639
699 3726
701 2848
701 3823
703 2479
704 1942
705 1441
705 1928
706 1167
706 2052
707 1740
708 3400
708 3972
709 3347
709 3381
709 3818
710 1068
711 1769
711 1940
711 2526
711 3150
712 1087
712 1740
713 3855
714 1416
714 3145
715 1366
716 1721
716 2703
716 3182
717 2140
717 3359
717 3560
718 1130
718 2410
718 3413
719 1068
719 2310
720 860
720 2288
720 3522
721 2889
721 3245
723 2091
723 3416
724 1088
724 2731
725 1169
725 2244
726 750
726 3345
727 1127
727 1281
728 985
728 1989
729 846
729 2939
730 3153
731 1283
731 1496
732 1088
732 1423
734 2431
734 2892
734 3162
735 3991
736 3657
737 3231
738 892
738 2120
738 2225
738 3089
739 2914
739 3380
740 796
740 3160
740 3642
741 2033
741 2457
741 3414
742 2709
743 2419
743 2993
744 3833
745 2162
745 3058
746 935
746 1176
747 3634
748 1142
748 1365
748 3566
749 3717
749 3726
750 3628
752 793
752 1426
752 3735
753 1706
753 3242
754 2610
754 3039
755 1302
755 3097
756 1946
756 2515
756 3041
757 1434
758 3466
759 770
760 1697
760 2759
761 1475
761 3332
762 1194
762 2829
762 3375
763 1091
763 2422
764 934
764 2529
766 2529
766 3672
767 1732
768 1305
768 3017
769 1066
770 2527
770 3600
771 3530
771 3825
771 3979
773 1998
773 2608
773 3257
774 1107
774 2505
775 2047
776 2650
776 3615
777 3965
778 1695
778 2592
778 3500
779 3613
780 2911
781 3245
782 1147
783 1927
784 3935
785 850
785 3772
785 3928
786 1968
786 2924
786 3609
787 2835
787 3693
787 3762
788 802
788 1206
788 3748
789 1965
789 3427
790 2018
790 3498
791 1086
791 1262
791 1546
792 2889
792 2952
793 1785
794 868
794 3019
795 1037
795 2778
795 2863
797 1016
798 1245
798 2201
799 1937
799 3096
799 3424
799 3660
800 1194
801 3379
802 3171
803 2292
804 3211
805 1775
805 1840
806 3565
806 3895
807 1023
807 1508
807 3799
808 908
808 1176
808 2159
808 2238
809 2124
809 2202
809 3330
810 2745
810 3457
810 3606
811 2827
811 3397
812 1662
812 3282
813 1027
813 2158
813 2631
814 2437
814 3469
816 1070
816 1742
817 1912
817 2686
817 2851
817 3655
818 1826
818 3077
819 1503
819 2595
819 3556
820 2375
820 3721
821 935
821 1041
821 2547
822 1855
822 2716
822 3533
823 1615
823 2576
823 2611
824 1209
824 1779
825 1239
826 880
827 1343
827 1905
827 1966
828 1738
828 2569
828 3216
829 1536
829 2094
831 1903
831 2194
832 2264
832 2650
833 2503
834 3767
835 917
835 1428
835 1780
836 847
836 2011
836 3925
837 1018
838 1775
839 2109
839 2558
839 2642
840 3043
840 3207
841 2686
843 1079
843 2075
843 2549
843 3938
845 1662
846 2740
848 880
848 3206
848 3958
849 2623
849 3302
850 1610
851 1053
852 1198
852 2276
852 2434
853 3983
854 1851
855 1853
855 2012
856 1800
857 1953
858 1594
859 1194
860 2395
861 1373
861 3723
862 3406
863 3157
864 2729
864 2746
864 2975
865 2959
866 3668
867 2467
867 2888
868 2304
868 2808
869 3936
870 2166
870 2350
870 2700
871 2421
871 3115
872 1988
874 2783
874 3192
875 2411
875 2863
875 3321
876 2906
876 3683
877 2518
877 3950
878 2010
878 2185
878 3119
879 1065
880 1706
881 1830
881 3170
881 3629
882 1229
882 1261
882 2865
882 2960
884 1123
884 2729
885 1918
885 2899
886 1862
886 2763
886 2857
887 892
888 1656
888 3386
889 1073
889 1309
889 3255
891 1728
892 3677
893 2715
894 2824
895 982
895 1270
897 2099
897 2951
899 1581
899 3421
901 998
901 1400
901 2221
901 2702
902 1577
902 3015
903 2073
904 1370
904 1496
904 2224
905 1066
905 1717
906 3933
907 2769
907 2840
907 3348
908 2520
909 1754
909 2167
909 3909
910 3010
910 3965
911 3313
912 996
913 1824
913 2292
914 2831
914 2870
915 983
915 1581
916 2394
917 3955
918 1897
918 3900
919 1147
919 1588
919 2251
920 2275
920 3571
921 1158
921 3146
922 3624
923 1074
923 1315
923 2068
924 1453
924 2682
925 1359
925 1411
925 3590
926 1512
926 3508
927 2279
927 3554
927 3856
928 1372
928 2143
928 2599
929 2005
929 3287
930 1882
931 2613
931 3325
932 1592
932 3340
933 3011
933 3448
936 1295
936 2047
936 2062
937 2167
937 2811
937 3909
938 2695
939 1470
939 1705
940 1924
940 2341
941 1099
941 2531
941 3869
942 2359
942 2535
943 1250
943 1945
944 1036
944 3368
945 1059
945 1224
947 2766
948 1324
948 2781
949 2269
949 3112
949 3649
950 2004
950 2526
951 980
951 1131
952 1416
952 3439
953 1171
953 2853
954 1381
954 1645
954 1681
954 2142
955 2900
956 3302
956 3461
957 1409
957 2145
957 3287
958 3303
959 1463
959 2303
959 3568
960 2572
960 2591
960 3218
961 1796
961 2663
961 2809
962 1218
962 2981
962 3241
963 1095
963 1712
963 3583
964 1513
964 1822
965 1335
966 1770
967 2035
968 2395
968 3558
969 1868
969 2041
969 3084
971 1339
971 2622
971 3513
972 1029
972 2308
972 3144
972 3569
974 1374
974 2008
974 2496
975 1902
976 2331
977 3599
978 2153
978 2902
979 2319
980 2078
981 995
981 1183
982 2572
982 2777
983 3029
984 2002
985 1425
985 3879
985 4005
986 1795
986 3324
987 2082
988 1553
990 1866
991 2573
991 3296
992 2606
992 2883
993 3562
993 3566
994 1001
994 3401
995 1805
995 1995
996 1733
996 2468
997 2470
997 3118
998 2137
998 3199
999 1887
999 2101
1001 2592
1002 1606
1002 2400
1003 1028
1003 3898
1004 1804
1004 1908
1004 3370
1005 2406
1006 1520
1006 3026
1007 1373
1007 3069
1008 1527
1008 3409
1009 1461
1009 3700
1010 3693
1011 2680
1012 1265
1012 1934
1012 3527
1013 1975
1013 2551
1014 2766
1015 2886
1016 1964
1017 1798
1017 2010
1017 3637
1019 1746
1020 1542
1020 2917
1021 1600
1021 3176
1022 3568
1023 3920
1024 1166
1024 3280
1024 3991
1025 3331
1026 1243
1026 2181
1027 1145
1027 3347
1028 3645
1029 3599
1030 2120
1031 2673
1031 3535
1032 1417
1032 3093
1033 1833
1033 2186
1033 3885
1034 2687
1034 2966
1035 2614
1035 3328
1036 3581
1037 2596
1038 1360
1038 2580
1039 1114
1039 3000
1040 1997
1040 2330
1042 1188
1044 2772
1044 3959
1045 2893
1045 3664
1045 3863
1046 2192
1046 3607
1047 2581
1048 1855
1048 2708
1049 2393
1049 3194
1051 1163
1051 3782
1052 1617
1052 1638
1053 2064
1053 2939
1055 1462
1055 1801
1055 3998
1056 3908
1057 2641
1058 1060
1061 2881
1062 1259
1062 1594
1063 2900
1063 3298
1064 1176
1064 2238
1064 3059
1064 3112
1065 3512
1067 3396
1067 3808
1067 3835
1068 1777
1068 3631
1069 3319
1069 3647
1070 1671
1070 2120
1071 2280
1072 1220
1072 1869
1072 3412
1073 2066
1074 2084
1074 3503
1075 3283
1076 1603
1076 1720
1076 1889
1077 3491
1078 2636
1079 3790
1080 1383
1080 3952
1081 1788
1081 2483
1082 2677
1082 3235
1083 1108
1084 1876
1084 2388
1085 1272
1085 2363
1086 2602
1088 2633
1089 3895
1090 2018
1090 3113
1090 3498
1091 2986
1092 1660
1092 3653
1093 3368
1093 3678
1094 1380
1096 2179
1096 2695
1096 3369
1097 1142
1097 3422
1098 2571
1099 2197
1100 1859
1100 3867
1101 1366
1101 2773
1102 1935
1102 2141
1103 3171
1104 3250
1105 2302
1105 2683
1105 3198
1106 2386
1107 3234
1108 3184
1109 1278
1110 3532
1111 1295
1111 2094
1111 2384
1111 3914
1112 2927
1112 3952
1113 2134
1113 2150
1114 1727
1114 2688
1114 2887
1115 1862
1115 2119
1115 2857
1116 3850
1117 3808
1118 1151
1118 2949
1119 2839
1120 1654
1120 1848
1120 3699
1121 2815
1121 3557
1122 1239
1122 3782
1123 1312
1124 2578
1124 3225
1125 3906
1126 1893
1126 3301
1127 2257
1128 1269
1128 1776
1129 1200
1129 3781
1130 3253
1131 3809
1132 3260
1133 2681
1134 3631
1135 2707
1135 2870
1136 3508
1137 1418
1137 1435
1137 2907
1138 1592
1138 1943
1139 3864
1140 3835
1141 2005
1141 2713
1143 1860
1146 2879
1147 3987
1148 3272
1149 2039
1150 1809
1150 2026
1151 2345
1151 2511
1152 2322
1152 2585
1152 2617
1153 1763
1154 2658
1155 1438
1156 1448
1156 1874
1156 3899
1157 1475
1157 2684
1158 3094
1159 1391
1159 2203
1160 3166
1161 1466
1161 3006
1162 2918
1163 1304
1164 1953
1165 1618
1165 2368
1166 3496
1167 2596
1168 3284
1168 3840
1169 3966
1170 3359
1170 3930
1171 2019
1171 2089
1172 1951
1172 2351
1173 1767
1173 3518
1174 2038
1174 3111
1174 3159
1175 2938
1176 3057
1177 1424
1178 1829
1178 1954
1179 2154
1179 2290
1180 2752
1180 3329
1181 1506
1182 3063
1183 2002
1184 1664
1184 2843
1184 3174
1185 2851
1185 3668
1186 3488
1186 3819
1187 3518
1188 2428
1188 2612
1189 1311
1189 1910
1191 2685
1192 3155
1193 3191
1195 1478
1195 3422
1196 2017
1198 1387
1199 2647
1199 3139
1200 2072
1201 2651
1201 3346
1202 1773
1202 2161
1203 3765
1204 1530
1204 3799
1205 3106
1205 3511
1206 2635
1208 3632
1209 2770
1210 3707
1211 1242
1211 2235
1212 1417
1212 3492
1213 1343
1213 3451
1214 3224
1214 3630
1215 1225
1215 3282
1215 3735
1216 2130
1217 1315
1217 2068
1217 2083
1218 3020
1218 3066
1219 3561
1221 1977
1221 2403
1222 1242
1222 2798
1222 3572
1223 1532
1223 2606
1224 3158
1227 3372
1228 2178
1228 3608
1228 3684
1229 1996
1229 2455
1229 4008
1230 1907
1232 3993
1233 3790
1235 3536
1236 3291
1237 2483
1239 1624
1240 2359
1240 3737
1241 2867
1243 2729
1244 2572
1244 2591
1245 3724
1246 2933
1246 3117
1247 2793
1248 1931
1248 2307
1249 1330
1250 1459
1250 2110
1251 1642
1251 3058
1252 3550
1253 2108
1254 3935
1255 1634
1255 1664
1255 1762
1256 2305
1257 1872
1258 2683
1259 2000
1259 3781
1260 1642
1260 2662
1261 2983
1263 2412
1263 3068
1263 3757
1264 2651
1264 3754
1265 1528
1265 2809
1266 1783
1267 3564
1267 3857
1268 1310
1268 3431
1269 3807
1269 3891
1272 1975
1272 3620
1273 2422
1275 2755
1276 1716
1276 3695
1277 1763
1278 2814
1279 1335
1279 3837
1280 3621
1281 3350
1282 1808
1282 2512
1283 3454
1284 1833
1285 3669
1286 3547
1287 1633
1287 2920
1288 1551
1288 3009
1289 2654
1289 3779
1290 3003
1290 3326
1290 3894
1291 1648
1291 1941
1291 3087
1292 3410
1293 1397
1293 2382
1294 1801
1294 2070
1294 2796
1294 3266
1296 1583
1296 1837
1296 2830
1297 2172
1297 2297
1297 3605
1298 1487
1298 1761
1300 2285
1300 2728
1301 1602
1302 2753
1303 2894
1304 3782
1304 3839
1306 3025
1306 3985
1307 1643
1308 2675
1309 2066
1309 2979
1310 1770
1311 3435
1311 3679
1312 3078
1313 3474
1314 2908
1314 3740
1316 2919
1316 3396
1316 3808
1316 3944
1317 2430
1318 3246
1320 2311
1320 2362
1320 3327
1321 2810
1321 3856
1322 1988
1322 2649
1323 3035
1323 3269
1323 3862
1324 1899
1324 3156
1325 2996
1325 3455
1326 1609
1326 2656
1327 1939
1327 3844
1328 2477
1329 2857
1330 3527
1331 1683
1332 2548
1332 3027
1333 3869
1334 1934
1335 1575
1335 3206
1336 1529
1337 2429
1337 3618
1337 3879
1338 2935
1341 2227
1342 1888
1342 2155
1344 1430
1344 2443
1345 1485
1347 2657
1347 2681
1349 3185
1350 2200
1350 3061
1351 1978
1351 3941
1352 1988
1353 1783
1353 1792
1353 3417
1354 1854
1354 2875
1354 3898
1355 2976
1356 2401
1357 1740
1357 1847
1357 3146
1358 2020
1358 3378
1359 3195
1359 3683
1361 3658
1362 1452
1362 3646
1363 3716
1364 2717
1364 3483
1367 3240
1368 2242
1369 2270
1369 3970
1370 2915
1371 1641
1374 1676
1374 2056
1375 3274
1376 1906
1376 3866
1377 2386
1377 2737
1378 2205
1379 2384
1379 3525
1380 2037
1380 2640
1382 3442
1383 3955
1384 3012
1386 1554
1386 3155
1386 3833
1387 3481
1388 3138
1389 2891
1390 2648
1390 3343
1390 3962
1391 1745
1391 2507
1391 2595
1392 2597
1392 3627
1393 1948
1393 2784
1394 3020
1395 2315
1395 3450
1396 1561
1397 2153
1398 2358
1399 3768
1400 1863
1400 3595
1401 1481
1401 3180
1401 3247
1402 3073
1402 3149
1404 1512
1404 3705
1405 1989
1405 3484
1406 1407
1406 3733
1408 3400
1410 3633
1411 3683
1412 2173
1413 2778
1413 3363
1414 1968
1415 2676
1415 3674
1416 3254
1416 3304
1417 2009
1417 3747
1418 1510
1420 2234
1421 1549
1423 2466
1424 3208
1424 3745
1425 2046
1425 2268
1426 2877
1427 2464
1428 3183
1428 3418
1429 3004
1432 1487
1432 1531
1433 3784
1435 1659
1435 3441
1436 2156
1437 1723
1438 2493
1439 3849
1440 1916
1440 3517
1440 3826
1441 3614
1442 3506
1443 2027
1443 3172
1444 2345
1445 2262
1445 3917
1446 1674
1446 3983
1447 2133
1447 3474
1448 1661
1448 2992
1448 3907
1449 1743
1449 2944
1450 2304
1451 2341
1452 2936
1453 3665
1454 2350
1454 3948
1455 2574
1456 3238
1458 3096
1459 1992
1459 2299
1460 1970
1460 2327
1460 3798
1461 1792
1461 2905
1462 1629
1462 3670
1463 1644
1464 2025
1464 2781
1464 2986
1465 3183
1466 2778
1467 2855
1468 1997
1468 2169
1468 2330
1469 1488
1469 1700
1470 2371
1470 2576
1471 2162
1471 3195
1472 1563
1472 3895
1473 3762
1474 3776
1475 3288
1476 1499
1477 1567
1477 3637
1478 3963
1479 3523
1481 1941
1481 2671
1481 2780
1482 1578
1482 3582
1483 3007
1484 1500
1485 3054
1486 3634
1487 1514
1488 2536
1489 3367
1490 3108
1492 1705
1492 2243
1492 2284
1494 3121
1495 3511
1496 3124
1496 3529
1497 3416
1498 2519
1499 1627
1500 3554
1501 1574
1501 2040
1501 2678
1501 3646
1502 1775
1503 2837
1504 2907
1505 1655
1506 3549
1507 3597
1507 3840
1508 1747
1508 2785
1509 2505
1509 2926
1510 2739
1510 3373
1511 1704
1511 2704
1513 3028
1515 2632
1515 3966
1516 3306
1517 3642
1518 1558
1518 1677
1518 2418
1519 3846
1521 2410
1522 2134
1522 3524
1523 1880
1523 3577
1523 3696
1524 1622
1524 2370
1524 3812
1525 1657
1525 1678
1526 2925
1527 2021
1529 2571
1530 1550
1531 1938
1532 1860
1532 3426
1533 1980
1533 2800
1534 3488
1538 1803
1538 2965
1539 3856
1540 3796
1541 2644
1542 2441
1544 1895
1544 3266
1545 2748
1546 2954
1547 2885
1547 3227
1549 1685
1549 3528
1550 4004
1552 2616
1552 2873
1552 2976
1554 1688
1556 2208
1556 3453
1556 3579
1557 2810
1558 2370
1558 3812
1559 2246
1559 2351
1560 3335
1560 3911
1561 2834
1561 3006
1562 1607
1562 3317
1563 1716
1564 2296
1565 3672
1566 3624
1567 2083
1568 2211
1568 2956
1569 3364
1569 3806
1570 1977
1570 2284
1570 3849
1572 2257
1572 2646
1573 1841
1573 2587
1574 2799
1574 3831
1575 1997
1575 3837
1576 1956
1576 2114
1576 3281
1578 2410
1578 3356
1579 2389
1579 3752
1580 1950
1582 2971
1582 3015
1583 3629
1584 1738
1584 3830
1585 2333
1585 2545
1585 2666
1586 1946
1588 2758
1589 1909
1589 3319
1590 1630
1590 2237
1590 3253
1591 3395
1591 3805
1592 2522
1593 2611
1594 2074
1594 3029
1595 3992
1597 2465
1597 3754
1598 3030
1599 2074
1600 2217
1600 3890
1601 2219
1602 3891
1604 1672
1605 2655
1605 3694
1606 1655
1606 2366
1608 3120
1608 3925
1609 3351
1610 2796
1611 2360
1611 2445
1612 2993
1613 2210
1613 3019
1614 3226
1615 2209
1615 3168
1617 2132
1619 1898
1619 3125
1620 2113
1621 2226
1622 3687
1623 3358
1623 3395
1624 2059
1624 2316
1625 1984
1625 3722
1626 1757
1626 3973
1627 1968
1627 3788
1628 2871
1628 3479
1629 3300
1630 1679
1631 3448
1632 2929
1632 3395
1633 2336
1635 1837
1636 2317
1636 3009
1638 3163
1639 2374
1640 3825
1641 3813
1645 3707
1646 1900
1646 3153
1647 3169
1648 1834
1648 3826
1649 2092
1649 3117
1651 1857
1651 3617
1652 3037
1652 3534
1653 2898
1655 3640
1656 3551
1658 2078
1660 2722
1660 3615
1663 1846
1665 2287
1665 2385
1665 2998
1666 2837
1667 2583
1667 2625
1667 2996
1668 3398
1668 3584
1670 2525
1670 2931
1671 2115
1672 3567
1673 2409
1673 3650
1674 1725
1674 2233
1674 2618
1675 3037
1675 3578
1676 2590
1676 3786
1677 3311
1680 2517
1680 3599
1680 3974
1682 1780
1682 3223
1683 1718
1683 2509
1684 1944
1684 2425
1687 2438
1688 3256
1689 2727
1690 3185
1691 1758
1692 3515
1693 2700
1693 3233
1696 2326
1697 2555
1697 3014
1698 1777
1699 1913
1700 3893
1701 1858
1701 2816
1702 2001
1702 2329
1703 2328
1703 2844
1704 2939
1704 3727
1706 3867
1708 3939
1710 2806
1710 3622
1711 3022
1712 3024
1713 2790
1713 3105
1714 3027
1715 1938
1715 2819
1717 3482
1717 3656
1718 2706
1718 2872
1719 2664
1719 3801
1720 2659
1722 3102
1723 2473
1724 1864
1724 2885
1724 3728
1725 3080
1726 2310
1727 3368
1728 2186
1729 1987
1730 2270
1732 3878
1734 2671
1735 3586
1736 3620
1737 3851
1738 3038
1739 3745
1740 3964
1741 3158
1741 3546
1743 1835
1744 3996
1745 2086
1745 3961
1746 2380
1746 2442
1747 4004
1748 2703
1748 3290
1749 1754
1749 2697
1749 3503
1750 3682
1751 2338
1751 3805
1751 3824
1752 2176
1753 2204
1755 1806
1755 1921
1756 3626
1757 3716
1757 3828
1758 2389
1758 3293
1759 2984
1760 2895
1761 2701
1761 2918
1762 3555
1763 1765
1764 1922
1764 2690
1765 2489
1765 2681
1765 3478
1766 3366
1767 1907
1768 2990
1768 3759
1769 1865
1769 2183
1770 3431
1771 2922
1771 3435
1771 3737
1772 2408
1772 3109
1774 2403
1774 2958
1775 2135
1776 1831
1776 3735
1776 3807
1777 2826
1777 3066
1778 2199
1778 2614
1779 1883
1779 3633
1782 2213
1782 3760
1784 1978
1784 2541
1784 3626
1785 2521
1785 3551
1786 3156
1787 2632
1788 2440
1788 3228
1789 3501
1789 3884
1789 3893
1790 2730
1791 3216
1791 3888
1792 3494
1793 2256
1794 1950
1795 2908
1796 2231
1796 3088
1798 2123
1798 2202
1799 3047
1801 3779
1802 3054
1803 2223
1803 3312
1804 1904
1806 2297
1807 3274
1810 1835
1810 2875
1811 3336
1812 2326
1812 3202
1813 2973
1813 3491
1814 2532
1815 2665
1815 3888
1816 2029
1816 2168
1816 3644
1817 2723
1818 1973
1818 2947
1820 1879
1820 2169
1821 2372
1823 2200
1823 3507
1823 3820
1824 3813
1825 3708
1825 3852
1826 3761
1827 2634
1827 3869
1828 2347
1828 3682
1829 2085
1829 3264
1830 3580
1832 2544
1832 3320
1832 3518
1834 3979
1835 1840
1835 3510
1836 3159
1837 3448
1837 3923
1838 3063
1838 3698
1839 2698
1841 3064
1842 1870
1843 2694
1844 2918
1845 2193
1845 3489
1846 2656
1847 3964
1848 2564
1848 3688
1849 3966
1850 2229
1850 3130
1851 3520
1851 3555
1852 3945
1853 2530
1853 2961
1854 3946
1855 2566
1856 2654
1857 3309
1857 3438
1860 2544
1861 2229
1866 3082
1867 2890
1867 3557
1868 3957
1869 3675
1869 3689
1870 2272
1870 2668
1871 2163
1872 3949
1873 3498
1873 3641
1874 2751
1874 3574
1875 2349
1876 2867
1876 3959
1877 3427
1879 3141
1879 3470
1880 2557
1880 3249
1881 2316
1881 2417
1882 3192
1883 1914
1883 2726
1885 2492
1885 3356
1886 3040
1887 2463
1887 3299
1889 2743
1891 3160
1891 3799
1892 1928
1893 3343
1894 3077
1896 3412
1897 3268
1901 3338
1901 3403
1902 4002
1903 2267
1904 3211
1905 2050
1906 2470
1906 3118
1907 3050
1908 2559
1908 3434
1909 1985
1910 3435
1911 3353
1912 2161
1914 2407
1915 2894
1915 3169
1915 3858
1916 2048
1916 3719
1916 3766
1917 2173
1917 2850
1919 2491
1920 2318
1920 3016
1921 3186
1922 3059
1923 3186
1924 3873
1925 2140
1926 3142
1926 3648
1929 2581
1929 2771
1929 2944
1930 2955
1931 3086
1932 2579
1932 3072
1933 3483
1935 2474
1935 2601
1936 2788
1938 1974
1938 2421
1939 2716
1939 3902
1940 2735
1941 2353
1942 2965
1942 3888
1943 3177
1944 2057
1947 1962
1948 3664
1950 3674
1951 2539
1951 3065
1952 3129
1956 1957
1956 2187
1958 2850
1959 2849
1960 3601
1961 1999
1961 3110
1962 3418
1963 2491
1965 2256
1965 3294
1966 3713
1967 2590
1969 2202
1970 3544
1971 2537
1971 2755
1972 3000
1973 3684
1976 2673
1976 3744
1976 3872
1977 3864
1979 2180
1981 3149
1981 3645
1982 2348
1982 3871
1984 2859
1986 3613
1987 2690
1989 3379
1990 3553
1991 3163
1993 2674
1994 3142
1996 3663
1997 3261
1998 2485
1998 2786
1999 3227
2000 2072
2000 2423
2002 2317
2003 3604
2004 4010
2005 3461
2006 2220
2007 2916
2007 3891
2008 2056
2009 3704
2010 2165
2010 2804
2011 2482
2011 2842
2011 2956
2013 2499
2014 3457
2014 3951
2016 2286
2017 3522
2019 2334
2019 3493
2020 3390
2021 2653
2022 2494
2026 3191
2028 2282
2028 3526
2029 2661
2030 3195
2030 3405
2031 2618
2032 2112
2032 2733
2032 3191
2033 3573
2034 3402
2035 2273
2035 3912
2036 2310
2037 3780
2038 3512
2042 3612
2043 3404
2043 3577
2044 3783
2049 3031
2049 3440
2050 2725
2051 2480
2051 2498
2051 2514
2052 3503
2052 3714
2053 2271
2053 2433
2054 3559
2055 2244
2057 3267
2058 2631
2059 2087
2060 2203
2061 3040
2061 3345
2062 3970
2063 3058
2065 3345
2065 3597
2067 2915
2069 3697
2071 2156
2072 3929
2073 3709
2076 2556
2076 2832
2077 3385
2078 2773
2079 2591
2079 3108
2079 3218
2081 3899
2082 3291
2087 3882
2088 2218
2088 2785
2090 3004
2091 3167
2092 2127
2093 2205
2093 2659
2095 3234
2095 3745
2095 3954
2096 2803
2097 2288
2097 3522
2098 2610
2098 3039
2099 3821
2100 2173
2100 2497
2100 3563
2101 2463
2103 2919
2103 3944
2104 3810
2105 3524
2105 3871
2106 3667
2107 2557
2107 2881
2108 2151
2108 3784
2109 3232
2111 3730
2111 3855
2112 3116
2112 3411
2113 3545
2114 2373
2114 3286
2115 2120
2115 3158
2116 2782
2117 3091
2118 2895
2121 2931
2122 2277
2123 3637
2125 3677
2126 2817
2126 3290
2127 3117
2128 2969
2130 3680
2130 4012
2132 3791
2133 2620
2135 2274
2135 3946
2135 3988
2136 2722
2136 3121
2136 3615
2137 2329
2138 2145
2139 2533
2140 3773
2143 2713
2144 2508
2145 2670
2147 2324
2148 2971
2149 3950
2150 2676
2151 2472
2152 2447
2153 2669
2153 3876
2154 3177
2154 3766
2156 3624
2157 3582
2158 3822
2159 2520
2160 3568
2163 2897
2163 2901
2165 3931
2166 3179
2168 2661
2169 3141
2171 3922
2172 2672
2175 2402
2175 2693
2176 2899
2180 3407
2180 3885
2181 3848
2182 3538
2184 2923
2185 3999
2186 2466
2186 2590
2188 2388
2188 2487
2189 2814
2189 3453
2189 3811
2190 2516
2191 2439
2191 3446
2192 2335
2192 3916
2193 3810
2194 2449
2195 2711
2195 3981
2198 2531
2198 2685
2201 3465
2204 2517
2204 3974
2208 3759
2209 2392
2210 2304
2211 2679
2213 3394
2213 3797
2214 2216
2214 2476
2215 2621
2215 3988
2216 2240
2216 3384
2217 2999
2218 2416
2218 2734
2218 3002
2221 2309
2223 3641
2224 3846
2226 3057
2228 2552
2230 3359
2234 2472
2234 3954
2237 3305
2238 2643
2239 3165
2241 2383
2241 3538
2241 3559
2246 3657
2247 3611
2248 2622
2248 3168
2249 3583
2250 3107
2251 3134
2251 3987
2252 2761
2253 3295
2254 3198
2255 3023
2257 2508
2259 2498
2259 3468
2260 3862
2262 2794
2264 2444
2264 2984
2265 2477
2265 2689
2266 2350
2266 3676
2267 3259
2268 3955
2269 2690
2271 3531
2272 2580
2274 3458
2276 3147
2276 3476
2276 3817
2278 2810
2280 2628
2281 2515
2283 3976
2285 3933
2286 2935
2287 2404
2289 2668
2291 3865
2293 3205
2294 3258
2296 2838
2296 3892
2297 2797
2298 3918
2300 3141
2300 3470
2301 2674
2301 2871
2302 3005
2305 2987
2306 3752
2308 3210
2308 3578
2309 2547
2311 2344
2311 3792
2312 3326
2312 3449
2313 3377
2313 3439
2314 3249
2317 3940
2318 2682
2321 2789
2322 2662
2322 3995
2323 3248
2324 3178
2325 3945
2326 3606
2327 3748
2330 2788
2330 3787
2332 3338
2333 3553
2334 2676
2336 3452
2337 2940
2338 3056
2339 2949
2339 3654
2340 3471
2340 3623
2341 3110
2343 3069
2343 3250
2343 3723
2344 2499
2345 2955
2346 3095
2346 4011
2348 2800
2349 3158
2351 3065
2354 3088
2356 3549
2356 3619
2357 3271
2357 3715
2358 3915
2359 2538
2360 3101
2361 3928
2362 2818
2362 3196
2363 2627
2363 3855
2364 3478
2365 2825
2367 3848
2367 3863
2369 3409
2369 3934
2371 2856
2372 2589
2374 3302
2375 3136
2375 3314
2376 3592
2376 3712
2377 2571
2378 3757
2379 3219
2381 3010
2381 3750
2381 3953
2383 2806
2383 3046
2383 3403
2384 3659
2387 3253
2390 2835
2391 3895
2392 3341
2394 2562
2396 2741
2397 3274
2399 3607
2400 3342
2401 2887
2402 3391
2404 2998
2405 3996
2407 3092
2408 2484
2408 3205
2409 2942
2411 3100
2411 3720
2412 3408
2413 2582
2413 3179
2420 2535
2421 2642
2422 3299
2423 2645
2423 3929
2424 3067
2425 3743
2426 2489
2426 2928
2426 3042
2430 3960
2431 3509
2432 2495
2433 3324
2433 3872
2436 3755
2437 2773
2438 2644
2441 3636
2441 3764
2442 2801
2442 3532
2442 4000
2446 2481
2446 3088
2447 3495
2448 3757
2449 3886
2450 2737
2450 3751
2451 3151
2452 3275
2452 3319
2453 3460
2454 3882
2455 3832
2456 2476
2456 2560
2457 3765
2458 3056
2460 3858
2462 2909
2462 3148
2464 3033
2465 2613
2465 3921
2467 3965
2468 2990
2468 3399
2468 3749
2469 2832
2471 2859
2471 3486
2473 2711
2475 3372
2475 3795
2478 3254
2480 3265
2481 2502
2482 2679
2484 3556
2486 2646
2488 2950
2488 3611
2488 3936
2490 2832
2490 3150
2492 3732
2493 3539
2495 3103
2497 3756
2498 3880
2500 2897
2501 3296
2501 3555
2502 2827
2502 3088
2503 3355
2504 3301
2507 2968
2507 3475
2508 3957
2509 2619
2512 3126
2514 3265
2515 3764
2516 3534
2519 3602
2521 3323
2523 3481
2525 2943
2525 3349
2526 3639
2528 3042
2532 3069
2533 2739
2534 3436
2536 3666
2537 3042
2537 3188
2538 3737
2540 2629
2540 3547
2541 3619
2542 3175
2542 3383
2543 2696
2545 3196
2546 3916
2546 3946
2551 3553
2552 2738
2553 3836
2554 3578
2555 3203
2556 3248
2560 2881
2561 3784
2563 3256
2564 2888
2565 3120
2565 3246
2566 2708
2568 2715
2568 3695
2570 3778
2573 3632
2575 3014
2575 3931
2577 2925
2578 3134
2579 2996
2582 3543
2586 3876
2589 2796
2589 3772
2592 2703
2593 2625
2593 2953
2594 2689
2594 3314
2600 3267
2601 3482
2601 3656
2604 2670
2605 3613
2606 3767
2609 2706
2609 2718
2610 3394
2610 3797
2612 3725
2615 3070
2615 3703
2615 3926
2616 2969
2617 3276
2620 3408
2621 3509
2622 3613
2624 3739
2625 2728
2626 3304
2629 3140
2630 3868
2630 3915
2631 3853
2632 2779
2634 3239
2635 3748
2637 2734
2637 3333
2638 3574
2638 3617
2639 2758
2644 3408
2645 2838
2649 3217
2650 2957
2651 3823
2652 2963
2652 3986
2655 3564
2656 2704
2656 3351
2657 3152
2658 3072
2660 2762
2660 3083
2660 3697
2661 2954
2663 3190
2665 3038
2665 3312
2666 2818
2667 3481
2668 3844
2668 4013
2672 3713
2673 3218
2674 3644
2675 3148
2676 3493
2678 3463
2679 3942
2684 2932
2687 3472
2688 3368
2688 3596
2691 2709
2691 3406
2695 3419
2696 2965
2696 3619
2698 2821
2699 3573
2704 3785
2705 3176
2706 3252
2708 3499
2709 2987
2710 3321
2710 3542
2711 3333
2712 2765
2714 3349
2720 3284
2720 3494
2721 3166
2723 3680
2724 3437
2725 3077
2726 3633
2727 3642
2727 3858
2730 3780
2731 3651
2733 3106
2733 3511
2738 3140
2744 2789
2744 3948
2745 2760
2745 3138
2748 3075
2748 4003
2749 3714
2750 3620
2751 3438
2752 2843
2753 2853
2756 3204
2757 2884
2759 3535
2761 3964
2762 3519
2763 3704
2764 3263
2764 3903
2765 3387
2765 3783
2766 3842
2767 3472
2768 2770
2772 2824
2775 3230
2775 3251
2776 2951
2776 3398
2779 2858
2781 3661
2782 2946
2782 3652
2783 2817
2784 3664
2784 3863
2786 3467
2787 3601
2791 3892
2793 3354
2793 3843
2797 2969
2798 3098
2799 2813
2801 3621
2802 3800
2805 3089
2807 3681
2811 3586
2812 3649
2813 4006
2815 2912
2818 3327
2820 3530
2821 2860
2821 3316
2821 3857
2822 3772
2824 3781
2826 3824
2827 2847
2828 2937
2828 3164
2830 3433
2831 3171
2831 3447
2833 2869
2833 3852
2834 3572
2836 3320
2839 3454
2840 2997
2841 4003
2842 3925
2843 2874
2843 3280
2845 3404
2848 3346
2848 3817
2849 3573
2851 3203
2852 3349
2854 2869
2854 3351
2855 3423
2855 3830
2856 3045
2858 3413
2859 2868
2861 3421
2865 3137
2867 3763
2868 3079
2868 3959
2873 2969
2874 3929
2876 2979
2876 3067
2876 3194
2877 3561
2877 3738
2880 3391
2882 3118
2883 3796
2884 3590
2884 3724
2885 3732
2886 3018
2887 3000
2889 3315
2891 2995
2892 3458
2896 3554
2898 3263
2899 3671
2900 2978
2901 3181
2902 3402
2903 2987
2903 3636
2904 3612
2905 3040
2907 3213
2909 3293
2913 3011
2914 3520
2915 3591
2916 3122
2917 3982
2920 3226
2928 3354
2929 3861
2932 3165
2934 3411
2934 3915
2935 3246
2936 3585
2937 3199
2939 3129
2943 2994
2947 3608
2948 3310
2952 2962
2952 3391
2955 3902
2959 3472
2960 3137
2961 3259
2964 3851
2966 3947
2970 3193
2972 3665
2974 3229
2974 3806
2977 3013
2982 3412
2982 3734
2983 3775
2983 3832
2985 3078
2985 3270
2988 3890
2989 3446
2990 3742
2990 3811
2993 3589
2997 3161
2999 3007
3001 3182
3001 3205
3003 3972
3005 3964
3007 3728
3012 3854
3013 3809
3015 3736
3020 3358
3021 3228
3023 3336
3023 3376
3024 3215
3024 3323
3025 3388
3027 3366
3030 3092
3031 3731
3032 3141
3033 3887
3034 3096
3035 3085
3035 3975
3036 3277
3038 3770
3045 3831
3046 3559
3047 3904
3049 3774
3049 3864
3051 3196
3052 3644
3053 3941
3055 3418
3056 3798
3060 3857
3062 3479
3066 3241
3067 3889
3068 3956
3070 3616
3071 3214
3071 3901
3074 3126
3075 3803
3075 3896
3076 3535
3079 3436
3079 3487
3081 3202
3081 3507
3082 3365
3085 3862
3090 3576
3090 3738
3090 3836
3091 3854
3097 3702
3098 3374
3099 3417
3101 3977
3102 3658
3110 3130
3114 3519
3115 3239
3116 3746
3118 3739
3122 3881
3124 3850
3127 3444
3128 3295
3130 3873
3131 3242
3135 3864
3136 3721
3138 3392
3142 3815
3147 3694
3149 3914
3151 3320
3154 3160
3154 3642
3155 3703
3156 3286
3157 3468
3164 3199
3164 3977
3170 3244
3170 4013
3171 3820
3172 3938
3173 3935
3174 3296
3176 3491
3181 3585
3182 3943
3185 3550
3186 3802
3187 3954
3195 3685
3197 3336
3198 3373
3200 3678
3200 3960
3201 3664
3203 3668
3207 3760
3208 3258
3208 3639
3212 3398
3215 3836
3216 3594
3217 3473
3220 3586
3221 3325
3221 3634
3222 3485
3229 3531
3230 3887
3230 4006
3231 3369
3233 3945
3235 3287
3236 3993
3237 4002
3238 3598
3240 3422
3242 3635
3243 3746
3247 3652
3248 3877
3251 3463
3251 4006
3257 3464
3257 3776
3262 3788
3266 3466
3268 3593
3268 3907
3270 3903
3271 3349
3273 3847
3275 3380
3277 3587
3284 3322
3286 3761
3287 3461
3290 3943
3294 3427
3297 3711
3297 3913
3298 3937
3300 3670
3300 3989
3301 3343
3303 3338
3303 3653
3306 3913
3311 3884
3313 3638
3314 3357
3315 3475
3316 3706
3318 3728
3323 3561
3327 3793
3330 3668
3333 3920
3339 3738
3342 3430
3342 3937
3344 3635
3347 4001
3350 3743
3355 3546
3360 3502
3362 3515
3364 3690
3365 3531
3365 3690
3366 3404
3367 3729
3372 3741
3373 3441
3374 3521
3381 3646
3382 3390
3382 3978
3386 3440
3386 3827
3387 3691
3400 3905
3401 3852
3406 3500
3407 3904
3409 3572
3417 3700
3419 3480
3432 3599
3437 3953
3445 3786
3453 3759
3454 3591
3455 3505
3456 3758
3471 3834
3474 3657
3480 3483
3484 3618
3484 3879
3485 3977
3490 3848
3492 3565
3497 3542
3506 3531
3506 3744
3508 3974
3517 3719
3526 3651
3536 3897
3537 3548
3537 3756
3538 3681
3539 3541
3540 3843
3541 3593
3545 3638
3548 3951
3549 3833
3560 4005
3564 3939
3570 3962
3586 3909
3588 3930
3590 3717
3591 3592
3594 3830
3597 3628
3602 3847
3606 3610
3612 3621
3615 3681
3622 4008
3623 3834
3625 3938
3659 3914
3663 4008
3675 3804
3686 3718
3691 3783
3697 3995
3701 3807
3709 3838
3710 4002
3712 3878
3722 3885
3740 3931
3741 3795
3741 4011
3749 3811
3750 4001
3759 3811
3771 3947
3779 3998
3789 3918
3795 3913
3801 3951
3809 3870
3812 3971
3815 3849
3829 3890
3829 3997
3845 4010
3870 3968
3873 3986
3897 3955
3905 3972
3934 3969
3967 3971
