4014 7130
0 124
0 2225
0 2366
1 222
1 563
1 3124
1 3301
2 341
2 770
2 3456
2 3788
3 1518
3 3317
3 3901
4 2976
5 1519
5 1564
5 1754
5 3310
6 60
6 766
6 3987
7 186
7 662
7 1029
7 1720
8 326
8 460
8 2463
9 3211
9 3345
10 483
10 765
10 1485
10 1795
11 660
11 2636
11 3161
12 1596
12 1612
12 1760
13 290
13 465
13 2597
14 2043
14 2365
14 3648
14 3857
15 816
15 952
15 1129
15 2085
16 2865
16 3026
17 965
17 1440
17 1719
17 3534
18 1053
18 1528
18 2699
18 2802
19 85
19 169
19 2394
19 3981
20 345
20 843
20 1409
20 2893
21 1844
21 2354
21 3300
22 261
22 1001
22 1125
22 3321
23 1009
23 2479
23 2501
24 718
24 2741
24 3706
24 4005
25 564
25 2918
25 3092
26 1402
26 1630
26 2986
26 3273
27 149
27 333
27 2993
28 2592
28 3040
29 885
29 1470
29 1714
30 1481
30 3230
30 3885
31 1717
31 2826
31 3054
31 3569
32 1008
32 3085
32 3481
32 3736
33 198
33 396
33 1055
33 3599
34 1761
34 2817
34 3663
34 3865
35 806
35 2223
35 2814
35 3610
36 1419
36 1775
36 1953
36 2723
37 158
37 604
37 1194
37 3439
38 77
38 774
38 2734
38 3437
39 1228
39 1653
39 2864
39 3946
40 61
40 1735
40 1895
40 3192
41 1773
41 3071
41 3328
41 3401
42 46
42 200
42 3348
43 459
43 945
43 3074
43 3749
44 195
44 999
44 1044
44 1218
45 189
45 298
45 2253
45 3793
46 2062
47 713
47 2450
47 2909
47 3991
48 99
48 901
48 1616
48 3148
49 213
49 1081
49 3026
50 1484
50 1923
50 2632
50 2641
51 1892
51 2507
51 2692
51 2718
52 132
52 471
52 878
52 3646
53 395
53 1266
53 1557
53 3443
54 79
54 1543
54 1956
54 2770
55 1408
55 1785
55 2548
55 2636
56 1842
56 2706
56 2845
57 1355
57 3585
57 3606
57 3845
58 970
58 1558
58 3100
58 3403
59 184
59 331
59 666
59 2920
60 1410
60 3499
60 3721
61 528
61 2203
62 260
62 1561
62 3387
63 167
63 2394
63 2652
63 3981
64 558
64 731
64 1248
64 1704
65 114
65 1180
65 2215
65 3668
66 87
66 194
66 1778
66 3438
67 1199
67 2032
67 3320
68 634
68 1385
68 1901
68 2976
69 478
69 1501
69 3866
69 3906
70 151
70 621
70 2485
70 3684
71 339
71 556
71 656
72 206
72 325
72 2207
72 2313
73 324
73 553
73 3181
73 3878
74 327
74 1476
74 2559
74 4002
75 321
75 527
75 1518
75 3901
76 1147
76 1297
76 2421
76 2524
77 663
77 1341
77 2289
78 1669
78 1826
78 2327
78 2468
79 3475
79 3947
79 3963
80 1228
80 1645
80 2342
80 3946
81 2018
81 3079
81 3167
81 3765
82 2531
82 3035
82 3963
83 226
83 1639
83 3347
83 3404
84 214
84 303
84 1068
84 3731
85 1534
85 1860
85 3219
86 477
86 756
86 818
86 3066
87 902
87 2572
88 486
88 609
88 3733
89 1742
89 2483
89 3125
90 1170
90 1749
90 2777
90 2939
91 542
91 911
91 3234
91 3762
92 174
92 476
92 1828
92 3130
93 1549
93 2671
93 2743
94 156
94 1010
94 3489
95 1796
95 2656
95 3231
95 3710
96 1806
96 1822
96 2883
96 3243
97 128
97 346
97 1370
97 3267
98 1210
98 2597
99 2591
99 3936
100 831
100 874
100 3257
100 3998
101 1140
101 2668
101 3408
101 3461
102 475
102 1315
102 3190
103 470
103 1064
103 2209
103 2246
104 267
104 672
104 1478
105 293
105 956
105 3671
106 1220
106 1756
106 3047
107 1019
107 1784
107 2134
107 2149
108 498
108 1493
108 2805
108 2811
109 1139
109 3899
110 806
110 2042
110 2223
110 2986
111 365
111 1528
111 2364
111 2699
112 1737
112 2361
112 2963
112 3918
113 1305
113 1592
113 2158
113 3834
114 1271
114 3720
114 3828
115 138
115 2792
115 3891
116 277
116 1685
116 1766
116 3554
117 608
117 652
117 1063
117 1995
118 211
118 635
118 1225
118 2873
119 1037
119 2145
119 2880
120 777
120 2262
120 3467
120 3980
121 986
121 3021
121 3365
121 3547
122 177
122 1455
122 2334
122 2521
123 1632
123 1987
123 2391
123 3400
124 1865
124 2185
124 2614
125 464
125 740
125 983
125 2286
126 2104
126 3826
127 673
127 706
127 1106
128 1046
128 1231
128 1577
129 456
129 468
129 2494
130 595
130 1683
130 2706
130 3197
131 532
131 791
131 1362
131 3390
132 3801
132 3943
133 220
133 822
133 2601
134 310
134 1755
134 4009
135 150
135 384
135 469
135 485
136 910
136 2008
136 2108
136 3570
137 215
137 918
137 3496
137 3969
138 1627
138 2139
138 3356
139 479
139 963
139 2855
139 3516
140 1256
140 2858
140 3259
141 485
141 1439
141 2457
142 629
142 1734
142 3025
142 3129
143 1379
143 1562
143 1596
143 2539
144 425
144 1472
144 1739
145 630
145 1829
146 435
146 1644
146 2179
146 2438
147 2379
147 2918
147 3092
147 3442
148 216
148 1958
148 2227
148 3919
149 1187
149 2683
149 3450
150 2701
150 3261
151 2210
151 3433
152 168
152 676
152 1058
152 3220
153 180
153 1741
153 2346
153 3080
154 756
154 818
154 1150
154 1607
155 482
155 1451
155 2109
156 533
156 1031
156 1926
157 1526
157 3611
157 3676
158 2251
158 2480
158 2627
159 2227
159 3198
159 3919
160 1714
160 2538
160 3942
161 1457
161 1876
161 2893
161 3391
162 169
162 1939
162 3133
162 3363
163 1676
163 1695
163 2694
163 3200
164 1121
164 2477
164 3114
164 3304
165 1952
165 3041
165 3688
166 806
166 876
166 3610
167 3382
167 3485
168 445
168 2759
168 2915
169 957
169 1860
170 819
170 1473
170 1916
170 3711
171 710
171 1435
171 1589
171 1610
172 1887
172 2306
172 3046
172 3892
173 960
173 1516
173 3443
173 3823
174 722
174 2987
175 430
175 1104
175 1384
175 1840
176 298
176 2253
176 3699
177 574
177 3926
178 2077
178 3061
178 3205
178 3277
179 1056
179 3357
180 624
180 1032
180 1819
181 561
181 1980
182 1262
182 2380
182 2898
182 3009
183 2642
183 2693
183 3587
183 3724
184 1733
184 3040
185 2659
185 2855
185 3179
185 3511
186 1308
186 1373
186 2513
187 480
187 2182
187 3163
187 3703
188 193
188 2680
188 3687
189 798
189 3883
190 3447
190 3773
191 759
191 2641
191 3252
192 2244
192 3319
192 3434
192 3617
193 1330
193 3856
193 3903
194 2446
194 3992
195 962
195 1841
195 3241
196 1717
196 2983
196 3569
197 990
197 1301
197 2415
197 3980
198 1587
198 2120
199 844
199 905
199 2755
199 2955
200 354
200 1762
200 2062
201 2398
201 3075
201 3660
202 758
202 1201
202 2248
202 3887
203 1619
203 2834
203 3244
204 776
204 3476
204 3881
205 681
205 1068
205 1158
205 3731
206 1505
206 1614
206 2330
207 1343
207 1803
207 2350
208 1450
208 3003
209 478
209 606
209 1279
210 1058
210 2162
210 3220
211 600
211 3242
211 3458
212 1826
212 2324
212 2468
213 630
213 2265
213 3832
214 1171
214 1657
214 1951
215 1136
215 2039
215 2499
216 837
216 1051
216 1552
217 1401
217 1423
217 1788
217 3767
218 361
218 451
218 1913
219 1368
219 1580
219 3034
219 3381
220 1631
220 2280
221 240
221 2001
221 2726
221 2868
222 581
222 2935
222 3618
223 671
223 711
223 3346
223 3578
224 2051
224 2843
225 495
225 990
225 1439
225 2415
226 701
226 1727
226 3264
227 1061
227 1975
227 2031
228 1402
228 2316
228 2854
228 3577
229 937
229 979
229 3270
230 2751
230 3880
231 797
231 1510
231 2386
232 1066
232 1329
232 3641
232 3820
233 707
233 1625
233 2443
233 2732
234 2393
234 2934
234 2938
235 338
235 2942
236 1306
236 2981
237 771
237 1116
237 1160
237 1272
238 1448
238 2558
238 3129
239 270
239 1692
239 2051
239 3582
240 314
240 1360
240 2835
241 1072
241 2320
241 3366
241 3432
242 2291
242 2413
242 2486
242 3693
243 626
243 760
243 1626
243 1873
244 473
244 940
244 3155
244 3830
245 2766
245 3332
245 3800
245 3934
246 340
246 1863
246 2074
246 2371
247 1519
247 1754
247 3175
247 3419
248 1214
248 2495
248 3053
248 3434
249 460
249 1169
249 3566
250 1151
250 1732
250 1919
251 373
251 986
251 1387
251 1894
252 324
252 3181
252 3694
253 1808
253 2390
253 2476
253 3812
254 387
254 2823
254 2949
254 3725
255 2421
255 3420
256 265
256 3422
256 4012
257 633
257 1794
257 3720
257 3828
258 648
258 2119
258 2277
259 693
259 2589
259 3898
260 1276
260 3121
260 3777
261 2588
261 3349
262 1335
262 2517
262 3781
262 4000
263 751
263 1911
263 2114
263 3726
264 475
264 3190
265 1964
265 2756
266 1738
266 2073
266 2956
266 3776
267 1310
267 1503
267 3628
268 2296
268 2623
268 3374
268 3457
269 282
269 417
269 3069
269 3844
270 938
270 3900
270 4001
271 828
271 3003
271 3421
271 3474
272 598
272 2155
272 3344
272 3408
273 1974
273 2718
273 2808
273 3012
274 1297
274 1367
274 2967
275 632
275 2622
275 3296
275 3604
276 1927
276 2213
276 2688
277 1787
277 2664
277 3350
278 510
278 2352
278 3377
279 467
279 1006
279 1282
279 2560
280 2237
280 2481
280 2946
280 3158
281 941
281 3311
281 3337
282 1620
282 2147
283 817
283 2360
283 3107
284 695
284 1730
284 2983
284 3569
285 2434
285 2634
285 3704
286 882
286 1678
286 2344
286 3839
287 1502
287 2780
287 3621
288 1012
288 2650
288 3383
288 4001
289 884
289 1479
289 2882
289 3590
290 1420
290 2148
290 3051
291 1852
291 3599
291 3674
291 3751
292 1737
292 2231
292 3071
292 3239
293 1836
293 1886
294 397
294 675
294 1786
295 1021
295 1925
295 2657
295 3294
296 1904
296 2829
296 3397
297 879
297 3549
298 3977
299 2594
299 3031
299 3721
300 370
300 1604
300 2625
301 1378
301 1389
301 3901
302 870
302 1081
302 3026
302 3695
303 1171
303 1444
303 1898
304 2400
304 2666
304 3543
304 3564
305 1535
305 2105
305 2895
305 3183
306 1064
306 1327
306 1437
306 2246
307 1295
307 1306
307 3957
307 3979
308 627
308 1264
308 2059
309 1658
309 1736
309 2232
309 3948
310 633
310 761
310 1794
311 1113
311 2337
311 3050
311 3808
312 2426
312 3983
312 3999
313 826
313 3154
313 3581
314 1395
314 2868
314 3430
315 3147
315 3436
316 489
316 2163
316 3132
316 3355
317 1021
317 1134
317 2091
317 3294
318 2222
318 3339
318 3542
318 3732
319 1643
319 2283
319 2866
319 3466
320 516
320 1354
320 1501
320 2419
321 1572
322 954
322 3759
322 3807
323 764
323 1285
323 1835
323 3659
324 337
325 1086
325 1902
325 3880
326 1613
326 3815
327 1907
327 1952
327 2643
328 1469
328 2171
328 3995
329 860
329 976
329 1795
329 2111
330 1110
330 2212
330 2408
330 3810
331 935
331 1082
332 754
332 2334
332 2660
332 2930
333 705
333 1533
333 2683
334 1519
334 2368
334 3419
335 2190
335 3225
335 3316
335 3867
336 740
336 983
336 2231
336 3488
337 553
337 1724
338 810
338 873
338 2154
339 1910
339 2796
339 3291
340 1099
340 1617
340 3561
341 540
341 750
342 869
342 1251
342 1866
342 3872
343 1640
343 2630
344 775
344 1009
344 2479
345 2303
345 2409
346 1231
346 1960
346 3843
347 1098
347 2296
347 2407
347 3902
348 1011
348 2791
348 3889
349 1700
349 2720
349 2853
349 3853
350 1706
350 1990
350 3099
350 4013
351 1214
351 1259
351 3319
351 3434
352 2549
352 3234
352 3604
353 1249
353 2940
353 3908
353 4010
354 2448
354 3576
354 3933
355 534
355 680
355 1686
355 2819
356 1364
356 2370
356 3083
356 3148
357 868
357 1928
357 3036
357 3843
358 2424
358 3202
358 3446
358 3802
359 360
359 1543
359 2770
359 3951
360 1480
360 1749
360 3795
361 380
361 2380
361 4004
362 1936
362 1996
362 2761
362 2989
363 458
363 1549
363 1723
363 3815
364 981
364 1205
364 3345
364 3916
365 2932
365 3258
365 3890
366 1550
366 1949
366 3929
367 1276
367 1330
367 3856
368 2734
368 2943
368 3827
369 1109
369 1721
369 2151
369 2787
370 1355
370 2208
371 1775
371 1899
371 2723
372 886
372 1210
372 2542
372 3390
373 505
373 1317
373 2402
374 639
374 2016
374 3217
374 3431
375 523
375 1774
375 1880
375 3187
376 2470
376 2817
376 3735
376 3865
377 440
377 2090
377 3207
377 3760
378 954
378 3452
378 3807
379 1138
379 1150
379 3480
380 1338
380 2963
381 431
381 1695
381 3200
382 2400
382 2724
382 3482
382 3939
383 1229
383 1676
383 1695
383 3118
384 1178
384 2701
385 942
385 1298
385 1460
385 2545
386 1110
386 2408
386 2446
386 3293
387 2293
387 2698
388 1410
388 1959
388 2491
388 3499
389 2039
389 2379
390 1530
390 2456
390 2762
390 3140
391 993
391 2658
391 3095
392 1848
392 2108
392 2116
392 2778
393 559
393 699
393 1241
393 2368
394 396
394 1763
394 2570
394 2702
395 1517
395 1899
395 2712
396 1587
396 2181
397 638
397 1647
397 3334
398 2345
398 2966
398 3287
398 3335
399 2911
399 3565
399 3785
400 773
400 2567
400 2751
400 3052
401 709
401 1495
401 3833
402 563
402 993
402 2658
402 3301
403 585
403 3359
403 3507
404 545
404 2426
404 3144
404 3999
405 856
405 1746
405 2416
405 3862
406 2081
406 2908
406 3493
406 3635
407 717
407 1792
407 2821
407 3930
408 744
408 1232
408 2480
408 3978
409 1610
409 2887
410 506
410 1665
411 763
411 2737
411 3982
412 439
412 1183
412 2069
412 3178
413 1310
413 1474
413 2526
413 3628
414 838
414 2551
414 3791
415 1395
415 1598
415 2043
415 3430
416 1323
416 1416
416 3097
416 3302
417 915
417 1283
417 2147
418 589
418 2729
418 3897
418 3990
419 512
419 692
419 2328
419 3463
420 852
420 2107
420 3211
421 654
421 1153
421 1752
421 2080
422 883
422 2531
422 2777
422 2786
423 607
423 1356
423 2315
424 1235
424 1722
424 2791
424 3993
425 779
425 2731
425 3682
426 686
426 1534
426 1857
426 1860
427 3573
427 3643
427 3935
428 1279
428 1655
428 2773
428 3140
429 752
429 1262
429 2898
430 2810
431 2569
431 3255
431 3367
432 929
432 1016
432 3177
433 1327
433 1398
433 1437
433 3782
434 1359
434 1541
434 2338
434 3193
435 1190
435 1560
435 2754
436 1699
436 2715
436 2853
436 3853
437 1649
437 2505
437 2907
438 507
438 733
438 2431
439 2307
439 2786
439 3035
440 1408
440 2541
440 2548
441 772
441 1677
441 2270
441 3498
442 1358
442 1903
442 2230
443 2194
443 2475
443 2603
443 3746
444 1016
444 1196
444 2201
444 3994
445 3220
446 1227
446 1767
446 2156
446 3149
447 572
447 591
447 3739
448 785
448 1523
448 1921
448 2769
449 982
449 1494
449 1871
449 3225
450 1806
450 2883
450 3372
451 588
451 855
451 3755
452 1375
452 1929
452 2162
453 1372
453 2040
453 2226
454 1707
454 2578
454 3463
455 1749
455 2939
455 3546
456 578
456 2024
456 2175
457 735
457 1200
457 3297
457 4011
458 683
458 2441
458 3673
459 1642
459 3772
460 2671
461 1642
461 2353
461 3268
461 3300
462 1472
462 3712
463 728
463 2606
463 3269
463 3324
464 1715
464 1950
464 2418
465 751
465 1325
465 3603
466 673
466 706
466 2053
466 3662
467 914
467 3017
467 3769
468 1498
468 2175
468 2905
469 895
469 1178
469 1776
470 647
470 1982
470 3588
471 3031
471 3297
471 3394
472 926
472 1131
472 1765
472 3410
473 1589
473 1610
474 651
474 824
474 1731
474 2768
475 980
475 1071
476 906
476 2997
477 1623
477 1742
477 2483
478 789
478 2583
479 1996
479 2218
480 1581
480 3164
480 3504
481 2885
481 3206
481 3305
482 3121
482 3170
483 1817
483 2083
483 3960
484 3045
485 895
486 1197
486 3451
486 3938
487 920
487 966
487 3532
487 3747
488 1070
488 1105
488 2924
488 2996
489 1911
489 2824
489 3716
490 1097
490 2617
491 952
491 1129
491 2673
491 2842
492 1352
492 2959
492 3775
493 1833
493 3081
493 3863
494 694
494 2674
494 3308
495 842
495 1624
495 2509
496 1004
496 1407
496 1526
496 3676
497 1872
497 2086
497 2113
497 3924
498 505
498 541
498 1317
499 786
499 3206
500 2014
500 2301
500 2901
500 3242
501 1195
501 2615
501 2733
501 2926
502 1164
502 1461
502 2432
502 3891
503 1853
503 2435
503 2543
503 2763
504 1050
504 3514
505 1493
505 1894
506 1352
506 2959
507 722
507 2489
507 2987
508 1267
508 2321
508 3310
509 1230
509 1313
509 3110
509 3165
510 3093
510 3501
511 2569
511 3255
511 3462
511 3669
512 1371
512 1496
512 2073
513 984
513 1571
513 1580
513 3381
514 1662
514 3096
514 3622
515 1396
515 2969
516 2942
516 3020
517 566
517 758
517 965
517 3887
518 1520
518 2941
518 3834
519 1086
519 2567
519 2913
519 3329
520 772
520 1792
521 2007
521 2090
521 3207
522 551
522 2465
522 3473
523 882
523 1466
523 2344
524 2242
524 3816
525 1121
525 1817
525 2477
525 3960
526 651
526 2708
526 2883
527 537
527 1702
527 2511
528 1504
528 1603
528 3192
529 644
529 1990
529 3641
530 601
530 1961
530 2423
530 3177
531 3249
531 3389
531 3749
532 3083
532 3797
533 1010
533 1919
534 1804
534 3027
534 3708
535 1725
535 1741
535 2346
536 3420
536 3621
537 1177
537 2105
537 3007
538 630
538 757
539 964
539 2856
539 3194
540 792
540 2487
540 2757
541 1251
541 2571
541 2805
542 3011
542 3089
542 3948
543 1310
543 1464
543 1474
543 1492
544 785
544 2769
544 3290
545 1039
545 2179
545 3913
546 805
546 2450
546 2909
546 2922
547 1038
547 1755
547 4009
548 1224
548 1653
548 3859
548 3946
549 2257
549 2332
549 3841
550 1209
550 1625
550 2732
550 3589
551 1291
551 2075
551 4007
552 1199
552 2194
552 3914
553 1985
553 2314
554 1432
554 1585
554 1891
554 3642
555 1660
555 1801
555 2943
556 781
556 3614
556 3846
557 1059
557 1822
557 3243
557 3377
558 1504
558 3192
558 3622
559 1135
559 1483
559 1934
560 2341
560 2481
560 2968
560 3542
561 692
561 1800
562 2701
562 3261
562 3484
563 941
563 2008
564 576
564 2451
564 2799
565 731
565 1248
565 3213
565 3346
566 2637
566 2985
566 3879
567 1937
567 3017
567 3769
568 2696
568 2957
568 2980
569 1241
569 1299
569 3894
570 811
570 3162
571 1394
571 2817
571 3735
572 2458
573 767
573 1245
573 2178
573 2849
574 1191
574 1455
574 1940
575 2782
575 3091
575 3275
575 3630
576 1645
576 1947
576 2918
577 907
577 908
577 1636
577 3357
578 1882
578 3737
579 2261
579 2382
579 2713
580 1669
580 2468
580 3352
581 943
582 1018
582 1372
582 1855
582 2383
583 726
583 2042
583 2986
584 2595
584 3056
584 3064
584 3634
585 2495
585 3053
586 1425
586 2206
586 2762
586 2903
587 1983
587 2613
587 3153
588 1913
588 3632
589 1730
589 3626
590 746
590 2866
590 3824
591 1223
592 1463
592 2857
592 2997
593 1529
593 2275
594 788
594 917
594 1804
594 3027
595 1915
595 2726
596 767
596 3260
596 3496
596 3969
597 996
597 2053
597 3662
597 3728
598 3146
598 3469
599 683
599 1062
599 3314
599 3673
600 1225
600 2220
600 2902
601 745
601 2488
601 2498
602 1402
602 1630
602 3577
603 1166
603 3056
603 3634
603 3949
604 744
604 2480
604 2721
605 684
605 1336
605 3629
605 3714
606 732
606 789
606 3409
607 1226
607 2860
608 1289
608 2552
608 3006
609 1451
609 3451
610 921
610 2440
610 3829
610 3953
611 1566
611 1659
611 2005
611 2890
612 1098
612 1785
612 2548
613 3534
614 1171
614 1314
614 1870
614 1898
615 753
615 1055
615 1412
615 2788
616 622
616 3829
616 3868
616 3953
617 1132
617 2529
617 2617
618 954
618 2715
618 3452
618 3853
619 2036
619 2735
619 3741
620 939
620 1631
620 2381
620 2622
621 1327
621 1328
621 1398
622 1532
622 2348
622 3927
623 2482
623 2750
623 3614
623 3846
624 768
624 1554
624 2346
625 1059
625 2352
625 3281
625 3377
626 2232
626 3786
627 3063
627 3384
627 3559
628 1880
628 2510
628 3132
628 3355
629 2896
629 3670
629 3679
630 1943
631 1040
631 1842
631 2846
632 3011
632 3545
633 2775
633 4009
634 1343
634 1347
634 1803
635 703
635 714
635 3376
636 1614
636 2055
636 3467
636 3625
637 1565
637 2052
637 3479
637 3831
638 1591
638 1786
639 1417
639 1581
639 3504
640 2752
640 3444
640 3813
641 2326
641 2537
641 3233
641 3855
642 1522
642 2316
642 3422
642 4012
643 1386
643 1558
643 1953
644 1696
645 3309
645 3470
645 3606
645 3845
646 2942
646 3020
646 3021
646 3547
647 1507
647 1657
647 2340
648 2037
648 3236
648 3899
649 3493
649 3594
649 3652
650 1518
650 3183
650 3266
651 1017
651 3307
652 2884
652 3006
652 3179
653 1297
653 2421
653 2967
653 3580
654 1238
654 1450
655 1442
655 3022
655 3986
656 2806
656 3291
656 3614
657 1312
657 1579
657 1941
657 3379
658 2067
658 3032
658 3850
659 1249
659 1306
659 2940
659 2981
660 1986
660 2508
660 3524
661 913
661 2334
661 2660
662 715
662 1308
662 2000
663 2790
663 3437
664 687
664 1432
664 3342
664 3366
665 3109
665 3184
666 1632
666 1733
666 3400
667 1502
667 2245
667 2522
667 3420
668 1210
668 1712
668 2542
668 3145
669 1948
669 2339
669 2774
669 3172
670 958
670 1441
670 2448
670 3479
671 1585
671 3325
671 3642
672 2193
672 3707
673 2104
673 3826
674 1366
674 1659
674 3235
675 1993
675 2827
675 3494
676 2759
676 3283
676 3852
677 825
677 931
677 1024
677 2937
678 970
678 2478
678 3100
679 1172
679 1195
679 2717
679 3372
680 955
680 1748
680 2311
681 2661
681 2973
682 1978
682 2224
682 3426
682 3917
683 3859
684 811
684 3162
684 3568
685 1081
685 2098
685 3885
686 3255
686 3367
686 3592
687 869
687 1866
687 3584
688 1648
688 1987
688 3392
688 3764
689 1017
689 3501
690 1643
690 2983
691 855
691 928
691 1369
692 1980
692 2610
693 847
693 3947
694 1666
694 2759
694 2915
695 1573
696 1666
696 3757
696 3852
697 1578
697 3162
697 3374
698 1169
698 2395
698 3566
699 1135
699 2318
699 3441
700 912
700 2095
700 3644
700 3740
701 2690
701 3446
702 713
702 2553
702 2687
702 3991
703 915
703 1425
703 2873
704 2384
704 3530
704 3602
704 3616
705 2033
705 2041
705 2890
706 3796
707 2590
707 3247
707 3851
708 1307
708 2144
708 3131
709 1456
709 1643
709 2283
710 1380
710 2374
710 3552
711 1585
711 2127
711 3923
712 1915
712 2618
712 2726
712 2868
713 1265
713 1515
714 915
714 1283
714 1830
715 2016
715 3217
716 1201
716 1637
716 2031
716 3887
717 3222
717 3251
718 830
718 1929
719 1332
719 2324
720 799
720 980
720 1071
720 3510
721 1054
721 1832
721 2129
721 2544
722 1124
722 2319
723 1710
723 2581
723 2765
724 1338
724 1489
724 2361
724 2963
725 1303
725 3226
725 3478
726 1759
726 2487
726 2757
727 925
727 1022
727 1609
727 3541
728 1277
728 2914
728 3004
729 1188
729 1486
729 2282
729 3483
730 823
730 913
730 1605
730 2521
731 1035
731 1504
732 1279
732 1488
732 2906
733 2848
733 2987
734 1820
734 2586
734 3549
735 2070
735 3681
735 3989
736 2316
736 3273
737 2912
737 3326
737 3825
738 3213
738 3346
738 3578
738 3615
739 815
739 1998
739 2288
739 3188
740 2124
740 2516
741 763
741 2216
741 3660
742 1286
742 2780
742 3884
743 2252
743 3748
744 2012
744 2142
745 1635
745 1948
745 2339
746 1236
747 1096
747 1311
747 2072
747 2466
748 2144
748 3544
748 3860
749 958
749 1465
749 2448
749 3933
750 770
750 792
750 1618
751 1712
751 2163
752 2302
752 2514
753 1989
753 2120
753 2356
754 1994
754 2807
755 839
755 1046
755 1490
756 1594
756 3159
757 1246
757 2825
757 3705
758 814
758 3330
759 2623
759 2945
760 1736
760 1779
760 2232
761 1251
761 2571
761 3872
762 821
762 2870
762 3386
763 2018
764 1400
764 1884
764 2497
765 2083
765 3481
765 3736
766 3031
766 3394
767 2738
767 4008
768 1032
768 1263
768 3062
769 863
769 2187
769 2889
769 3854
770 3358
770 3647
771 2150
771 2818
771 3512
772 1459
772 3256
773 1088
773 2459
773 3911
774 1368
774 1798
774 1945
775 1825
775 2912
775 3326
776 1345
776 1989
776 2356
777 846
777 3425
778 1269
778 1280
779 2188
779 2709
780 2333
780 2652
781 1446
781 2152
782 2887
782 3245
782 3888
783 1085
783 3259
783 3662
783 3728
784 1033
784 1449
784 1521
785 1455
785 1940
786 1561
786 1754
786 3175
787 1194
787 1838
787 2119
787 2266
788 1531
788 2536
788 3886
789 1192
789 3866
790 931
790 1898
790 3330
791 1108
791 2442
791 3098
792 898
792 3178
793 897
793 2944
793 3182
793 3985
794 1036
794 1807
794 2442
795 2692
795 2718
795 2808
795 2854
796 1260
796 1852
796 3060
796 3491
797 1127
797 1993
797 2655
798 1038
798 2775
798 4009
799 2527
799 3208
799 3609
800 2029
800 3976
801 1794
801 2970
801 3369
801 3720
802 1324
802 1682
802 2387
802 3601
803 2165
803 2420
803 3049
803 3338
804 1076
804 2555
804 2865
805 893
805 2327
805 3193
806 2130
807 1141
807 2653
807 3591
807 3686
808 1503
808 1652
808 3707
809 1431
809 1488
809 2906
809 3402
810 2014
810 2301
810 3171
811 1336
811 1445
812 3038
812 3517
812 3942
813 3084
813 3281
813 3744
814 965
814 1719
814 3077
815 1134
815 1482
815 3010
816 1809
816 1999
817 887
817 3008
818 1742
819 1166
819 2087
819 2760
820 1162
820 2317
820 3072
821 2596
821 2634
821 3369
822 939
822 1631
822 1932
823 1780
823 2520
823 2810
824 2191
824 3319
824 3617
825 1719
825 2609
825 3077
826 1050
826 2034
827 2010
827 2366
827 3655
827 3909
828 1944
828 3586
828 3686
829 2271
829 3182
829 3681
829 3989
830 838
830 3706
830 3791
831 1979
831 2305
831 3315
832 2186
832 2408
832 2446
832 3992
833 2988
833 3354
833 3944
834 1058
834 1929
834 2162
834 2600
835 2952
835 3295
835 3596
835 3678
836 1124
836 1514
836 2319
836 3567
837 1063
837 1995
837 3060
838 2134
838 2149
839 1836
839 2964
840 1371
840 2073
840 3776
840 3838
841 1196
841 1851
841 2955
842 959
842 1439
842 2457
843 1981
843 2303
843 3335
844 1187
844 2250
845 884
845 1426
845 2299
845 3590
846 1301
846 3119
846 3980
847 2341
847 2960
847 3201
848 1040
848 1049
848 1729
848 2869
849 1179
849 2063
849 2309
849 3397
850 1171
850 1314
850 1657
850 2340
851 1195
851 2517
851 2717
851 2926
852 1137
852 3428
853 994
853 1434
853 1743
853 3055
854 1182
854 1819
854 1912
854 3386
855 1075
855 3632
856 3320
856 3439
857 2659
857 3006
857 3336
858 1483
858 1934
858 2927
858 3927
859 929
859 3517
860 1766
860 2009
861 1115
861 1133
861 1671
861 2200
862 2994
862 3393
862 3680
862 3970
863 1026
863 2783
863 3771
864 3526
864 3594
864 3652
864 3677
865 1514
865 2064
865 3215
865 3444
866 1370
866 2234
866 3267
867 1215
867 1646
867 1802
867 2076
868 2990
869 2970
869 3156
870 1302
870 2363
870 2464
871 1511
871 1516
872 940
872 2559
872 3146
872 3869
873 3171
874 2141
874 2305
874 2484
875 1438
875 1889
875 2827
875 2931
876 1539
876 2130
876 2580
877 1758
877 2292
877 2420
877 3049
878 1537
878 2594
878 3031
879 2329
879 3142
879 3395
880 1122
880 2432
880 2792
881 2965
881 3076
881 3088
881 3188
882 1880
882 2510
883 1118
883 3358
884 2222
884 3339
885 1914
885 3379
886 3014
886 3098
887 2867
887 3107
888 1125
888 1340
888 3141
889 1197
889 1824
889 2180
889 2297
890 1353
890 3023
890 3573
890 3643
891 2743
891 2900
892 939
892 2381
892 2399
892 2628
893 2123
893 2922
893 3274
894 2677
894 3527
894 3772
895 1693
895 1854
896 1810
896 2407
896 3086
897 1143
897 2298
898 2113
898 2757
898 3924
899 1580
899 1613
899 2675
899 3034
900 1349
900 1910
900 2030
900 2502
901 924
901 2506
901 3506
902 2701
902 3438
902 3484
903 2079
903 2474
903 2862
904 1399
904 2066
904 2752
904 2944
905 2157
905 2250
906 2403
906 3130
907 1721
907 1862
908 1862
908 3227
908 3277
909 2603
909 2949
909 3725
909 3746
910 1568
911 2358
912 1083
912 1965
913 2236
913 2810
914 1282
914 2816
916 1443
916 2886
916 3299
916 3465
917 1837
917 3452
917 3886
918 1418
918 2499
918 2864
919 1074
919 1383
919 2512
919 3888
920 1950
920 3574
920 3882
921 2332
921 2927
921 3841
922 2336
922 2784
922 3411
922 3724
923 2160
923 2500
923 2727
923 3070
924 1104
924 1616
924 1789
925 2229
925 3113
926 1270
926 2364
926 3844
927 1133
927 1240
927 2357
927 3968
928 1292
928 3500
928 3637
929 1667
929 2498
930 1946
930 3457
930 3568
931 3077
931 3575
932 1112
932 1994
932 2547
933 1137
933 1265
933 3428
933 3701
934 2494
934 2633
934 3723
935 975
935 2859
936 3341
936 3353
937 1097
937 1148
938 2051
938 2176
938 2843
940 2155
940 2747
942 3253
942 3602
942 4000
943 1346
943 2085
943 2935
944 1198
944 2192
944 2936
944 3849
945 3533
946 1511
946 3908
946 4010
947 1015
947 1600
947 2097
947 3058
948 1006
948 1282
948 1835
948 3659
949 1814
949 2221
949 3792
949 3907
950 2132
950 3074
950 3749
951 1556
951 3456
951 3537
952 3528
953 1868
953 2079
953 2862
953 3090
954 3636
955 2819
956 2388
957 1939
957 3375
958 1689
958 2599
959 2129
959 2509
959 2544
960 2026
960 3199
960 3712
961 2015
961 2500
961 2727
961 3633
962 999
962 2685
962 3907
963 2377
963 2651
963 3876
964 1163
964 2615
964 3298
965 2637
966 1715
966 1950
966 2230
967 2670
967 2754
967 2975
968 1438
968 1889
968 2490
968 2971
969 1431
969 2668
969 3685
969 3932
970 2447
971 2086
971 2307
971 2742
971 2830
972 1436
972 2277
972 2984
973 1221
973 1583
973 2239
973 3752
974 2078
974 3146
974 3869
974 3929
975 1632
975 1648
975 1987
976 1008
976 2009
977 1334
977 2322
977 3519
978 2388
978 3825
979 1662
979 1735
979 2529
980 1315
980 2766
981 2624
981 2920
982 2410
982 2680
982 3212
983 1567
983 2418
984 1668
984 1705
984 2602
985 1237
985 2276
986 992
986 3875
987 1175
987 1202
987 1864
988 2068
988 2995
988 3742
988 3761
989 1944
989 2750
989 3043
989 3586
990 1624
990 3814
991 1683
991 2648
991 2706
991 2845
992 1387
992 2933
992 3365
993 1333
993 2904
994 1893
994 3482
994 3939
995 1006
995 1412
995 2560
995 2788
996 1126
996 2647
996 3216
997 1451
997 2109
997 2410
997 3451
998 1813
998 2378
998 2702
998 2730
1000 3050
1000 3240
1000 3378
1000 3808
1001 2588
1001 2781
1001 3078
1002 1883
1002 2030
1002 3331
1002 3472
1003 1531
1003 2536
1003 3303
1003 3909
1004 1167
1004 1985
1004 3455
1005 1054
1005 1832
1005 1988
1005 3640
1006 2894
1007 1484
1007 2170
1007 2632
1008 2611
1008 3560
1009 1674
1009 1859
1010 1208
1010 2528
1011 1094
1011 1303
1011 1834
1012 1654
1012 2176
1013 2827
1013 2931
1013 3494
1013 3949
1014 1112
1014 1311
1014 2072
1014 3645
1015 1620
1015 3801
1015 3943
1016 2820
1016 3593
1017 2708
1017 2768
1018 1367
1018 2048
1018 2967
1019 1447
1019 1823
1019 2562
1020 1119
1020 1701
1020 3189
1020 3639
1021 1682
1021 3821
1022 1111
1022 2229
1022 3323
1023 1827
1023 1968
1023 3566
1024 2609
1024 3440
1025 1049
1025 2812
1025 3658
1026 2519
1026 3535
1027 1038
1027 2082
1027 3835
1028 3016
1028 3037
1028 3745
1029 1373
1029 3837
1029 3931
1030 1034
1030 2027
1030 3636
1031 1601
1031 1732
1031 1919
1032 3579
1033 1072
1033 3024
1034 3759
1035 1235
1035 3213
1035 3993
1036 1120
1036 1966
1037 1399
1037 2944
1037 3985
1038 2598
1039 1142
1039 2159
1039 3999
1040 1575
1040 2776
1041 1936
1041 2776
1041 3005
1041 3798
1042 1348
1042 2555
1042 2575
1042 3543
1043 2224
1043 2621
1043 3426
1044 1841
1044 2159
1044 3971
1045 1055
1045 2788
1045 3674
1046 2964
1046 3539
1047 1414
1047 1992
1047 2772
1047 2833
1048 1060
1048 1486
1048 2099
1048 2282
1049 1575
1049 2704
1050 2006
1051 1063
1051 1958
1051 3005
1052 1811
1052 2207
1052 2612
1053 1203
1053 1872
1053 3784
1054 1217
1054 3373
1055 2120
1056 3205
1056 3454
1057 1226
1057 2228
1057 2860
1057 3240
1058 3283
1059 1793
1060 1140
1060 2045
1060 2219
1061 1611
1061 3789
1061 3954
1062 2342
1062 2620
1062 3138
1063 2884
1064 2470
1064 3196
1065 1142
1065 2557
1065 2582
1066 2430
1066 3445
1066 3975
1067 2362
1067 2447
1068 1444
1068 2661
1069 1145
1069 2377
1069 3044
1069 3195
1070 1323
1070 1416
1071 2527
1072 1521
1072 2137
1073 1816
1073 1948
1073 2774
1073 2958
1074 1107
1074 1656
1074 3595
1075 2247
1075 3755
1075 3877
1076 1302
1077 2224
1077 2991
1077 3917
1078 1176
1078 2481
1078 2968
1078 3158
1079 2011
1079 2226
1079 2649
1079 3203
1080 1293
1080 2187
1080 3349
1081 2265
1082 2767
1082 2859
1082 2920
1083 2095
1083 2977
1083 3120
1084 1132
1084 1895
1084 2863
1085 2322
1085 3448
1085 3519
1086 3619
1086 3713
1087 2017
1087 2867
1087 3360
1087 3429
1088 2261
1088 3572
1089 2352
1089 3281
1089 3744
1090 1548
1090 1843
1090 2467
1090 2678
1091 2603
1091 3233
1091 3489
1091 3725
1092 1105
1092 1177
1092 2996
1092 3007
1093 1711
1093 1852
1093 3491
1093 3751
1094 2203
1094 3889
1095 1781
1095 1865
1095 2185
1096 1268
1097 3061
1097 3996
1098 2563
1099 1845
1099 1863
1099 1978
1100 2196
1100 3001
1100 3758
1101 1727
1101 3264
1101 3271
1102 1862
1102 2461
1102 3227
1102 3607
1103 2618
1103 2868
1103 3430
1103 3849
1104 3657
1105 1416
1105 3790
1106 3392
1106 3764
1106 3826
1107 2739
1107 3380
1107 3718
1108 2714
1108 3340
1109 2881
1109 3280
1109 3579
1110 1726
1110 1896
1111 1607
1111 2167
1111 3541
1112 1189
1112 3248
1113 1962
1113 3705
1114 1960
1114 2746
1114 3036
1114 3843
1115 2575
1115 3799
1116 2241
1116 3512
1117 1689
1117 2599
1118 1170
1118 2777
1118 3082
1119 2794
1120 1997
1120 3610
1120 3717
1121 2949
1121 3746
1122 1975
1122 2214
1122 2852
1123 1918
1123 2264
1123 2331
1124 1174
1124 2489
1125 2291
1125 3349
1126 2728
1126 3115
1126 3728
1127 1510
1127 3952
1128 2534
1128 2885
1128 3956
1129 1513
1129 1672
1130 3324
1131 2876
1131 3069
1132 1684
1132 3105
1133 1193
1133 2795
1134 1269
1134 1744
1135 2103
1135 2719
1136 1777
1136 3496
1137 2107
1138 1484
1138 3159
1139 1436
1139 1464
1140 1486
1140 3774
1141 2645
1141 3837
1142 2800
1142 3087
1143 1250
1143 1678
1143 3839
1144 1491
1144 3048
1144 3246
1145 1889
1146 1295
1146 1751
1146 2362
1146 3276
1147 2605
1147 3793
1147 3835
1148 3061
1148 3227
1148 3277
1149 1493
1149 1894
1150 3159
1150 3743
1151 1622
1151 2385
1151 2565
1152 1831
1152 3842
1152 3955
1153 1450
1153 1565
1153 3831
1154 1349
1154 1910
1154 2794
1154 3291
1155 1554
1155 1758
1155 1878
1155 2292
1156 1312
1156 1764
1156 3379
1157 2174
1157 2473
1157 2493
1157 3000
1158 2973
1158 2994
1158 3680
1159 1629
1159 1969
1159 2122
1160 1619
1160 3244
1161 2448
1161 3479
1161 3576
1161 3831
1162 1334
1162 2322
1162 3683
1163 2462
1163 2519
1164 2093
1164 2492
1164 3356
1165 1709
1165 3103
1165 3347
1165 3404
1166 1473
1166 1874
1167 1407
1167 3147
1167 3436
1168 2150
1168 2728
1168 3115
1168 3514
1169 1613
1170 2713
1170 2803
1172 2725
1172 3307
1173 1783
1173 3841
1173 3926
1174 3102
1174 3567
1174 3729
1175 1759
1175 2689
1176 2002
1176 2932
1176 3258
1177 2511
1177 2593
1178 2572
1178 3964
1179 3571
1179 3952
1180 1725
1180 1741
1180 3605
1181 2691
1181 3384
1181 3559
1182 2881
1182 3925
1183 1618
1183 2786
1184 2979
1184 3295
1184 3678
1185 2002
1185 2742
1185 2830
1185 3258
1186 2077
1186 2565
1186 3205
1187 1851
1187 2074
1188 2999
1188 3402
1188 3461
1189 2449
1189 2547
1189 3645
1190 1738
1190 2438
1190 2956
1191 2257
1191 3840
1192 1280
1192 1890
1192 3409
1193 1240
1193 1671
1193 3538
1194 1746
1194 2627
1195 3194
1196 2115
1196 2820
1197 2190
1197 3733
1198 2908
1198 3272
1198 3965
1199 2396
1199 2469
1200 2047
1200 2663
1201 2661
1201 2665
1202 1203
1202 1680
1202 2689
1203 1864
1203 1992
1204 1239
1204 1582
1204 3260
1204 3496
1205 1529
1206 1877
1206 3135
1206 3388
1207 1637
1207 2165
1207 2214
1207 3338
1208 3489
1208 3855
1209 2552
1209 3006
1209 3336
1210 1325
1211 1435
1211 1463
1211 2887
1212 1376
1212 1904
1212 2063
1212 2711
1213 2150
1213 2728
1213 2818
1214 3895
1215 1243
1215 1557
1215 2518
1216 2205
1216 2780
1216 3884
1217 1988
1217 2285
1217 3261
1218 1329
1218 3820
1219 2199
1219 2836
1219 3186
1220 1542
1220 1558
1220 3403
1221 2094
1221 3644
1221 3740
1222 2984
1222 3477
1223 3230
1223 3739
1223 3817
1224 2021
1224 3149
1225 2237
1225 3376
1226 1356
1226 3670
1227 1418
1227 3030
1227 4008
1228 2838
1228 3558
1229 2012
1229 2174
1229 2493
1230 1407
1230 1673
1230 3676
1231 2964
1231 3343
1232 2465
1232 3477
1233 1287
1233 1340
1233 2056
1233 2733
1234 1662
1234 1735
1234 3192
1234 3622
1235 3702
1235 3940
1236 3315
1236 3824
1237 1256
1237 1569
1237 2409
1238 1266
1238 1288
1239 2856
1239 3794
1240 2626
1241 1281
1242 1498
1242 2897
1242 2905
1242 3393
1243 1404
1243 1646
1243 3238
1244 1734
1244 2311
1244 3025
1244 3620
1245 2519
1245 2738
1245 3535
1246 2295
1246 3808
1247 1442
1247 3086
1247 3150
1247 3495
1248 3325
1248 3988
1249 2478
1250 1697
1250 2071
1250 2298
1251 3432
1252 1313
1252 3157
1252 3165
1253 1568
1253 1668
1253 1705
1253 3108
1254 2381
1254 2399
1254 2682
1254 3881
1255 1313
1255 1359
1255 1541
1255 2310
1256 3204
1256 3796
1257 2180
1257 2355
1258 1421
1258 1619
1258 3594
1258 3677
1259 2585
1259 2587
1260 1937
1260 3137
1261 1718
1261 2239
1261 3752
1262 2302
1262 3697
1263 3579
1263 3723
1264 3063
1264 3231
1264 3710
1265 2909
1266 1404
1266 2712
1267 1527
1267 1875
1267 3441
1268 1311
1268 2801
1268 3583
1269 2091
1269 3010
1270 1283
1270 1830
1270 3890
1271 2870
1271 3386
1271 3668
1272 2818
1272 3072
1272 3244
1273 2767
1273 2859
1273 3166
1274 1497
1274 2373
1274 3627
1275 1924
1275 2639
1275 3750
1276 3212
1277 1792
1277 3269
1277 3930
1278 1449
1278 2023
1278 2050
1278 2619
1279 2681
1280 3010
1280 3866
1281 2368
1281 2406
1282 3730
1283 3844
1284 1658
1284 2515
1284 3089
1284 3948
1285 1551
1285 2308
1285 2497
1286 3020
1286 3088
1286 3547
1287 1536
1287 2444
1287 3398
1288 1404
1288 3238
1289 1995
1289 3299
1289 3465
1290 2249
1290 3191
1290 3818
1291 2174
1291 2465
1291 2473
1292 2247
1292 2347
1292 3112
1293 2056
1294 2039
1294 2379
1294 2499
1294 3442
1295 1650
1295 1812
1296 2375
1296 2809
1296 3123
1296 3861
1297 2605
1298 3530
1298 3602
1298 3612
1299 1532
1299 1934
1299 3927
1300 1578
1300 2623
1300 2945
1300 3374
1301 3169
1301 3202
1302 3026
1302 3564
1303 3490
1304 1487
1304 3714
1304 3761
1305 2019
1305 2169
1305 2503
1306 2478
1307 1756
1307 2065
1308 3412
1309 1329
1309 2557
1309 3971
1310 1478
1312 3819
1313 2929
1314 1500
1314 2679
1315 2417
1316 2560
1316 2788
1316 3562
1316 3674
1317 1755
1317 2571
1318 2029
1318 2045
1318 3344
1318 3976
1319 2374
1319 2629
1319 3552
1319 3813
1320 1480
1320 1771
1320 2412
1320 3333
1321 2188
1321 2514
1321 2709
1322 1629
1322 2122
1322 2684
1322 3097
1323 1897
1323 2054
1324 1821
1324 2025
1324 2923
1325 2597
1326 1572
1326 2511
1326 2593
1326 3033
1327 3196
1328 3196
1328 3684
1329 3975
1330 2680
1330 3212
1331 2103
1331 2719
1331 3331
1331 3935
1332 2217
1332 3044
1332 3195
1333 1925
1333 2657
1333 3057
1334 2818
1334 3072
1335 2040
1335 3122
1335 3809
1336 1745
1336 3734
1337 2092
1337 3787
1338 2380
1338 3009
1339 1624
1339 1811
1339 2612
1339 3814
1340 1536
1341 1767
1341 2734
1341 3827
1342 1790
1342 2219
1342 3508
1342 3800
1343 1901
1343 2240
1344 1833
1344 2720
1344 2853
1344 3598
1345 2422
1345 2682
1345 3881
1346 1513
1346 3609
1347 1385
1347 1752
1347 2080
1348 1865
1348 2200
1348 2614
1349 2263
1349 2325
1350 1796
1350 1924
1350 3750
1350 3848
1351 1386
1351 1953
1351 2723
1353 3840
1354 3020
1354 3088
1355 3352
1356 1468
1356 1922
1357 2801
1357 3719
1357 3972
1358 1757
1358 2335
1358 3864
1359 2929
1359 3928
1360 2001
1360 2816
1361 2290
1361 2620
1361 3138
1361 3513
1362 2442
1362 3797
1363 1799
1363 2607
1363 3224
1364 3191
1365 1417
1365 1581
1365 2026
1365 2076
1366 1679
1366 3486
1367 2011
1367 2950
1368 3015
1368 3437
1369 3632
1369 3637
1370 1928
1370 3843
1371 1699
1371 2328
1372 2048
1372 2972
1373 2439
1374 1539
1374 2284
1374 2580
1374 3066
1375 2741
1376 1641
1376 3694
1377 2412
1377 3333
1377 3653
1377 3923
1378 1590
1378 3750
1379 3143
1379 3462
1379 3669
1380 1589
1380 2145
1380 2880
1381 1678
1381 3174
1382 2501
1382 2647
1382 3154
1382 3216
1383 1955
1383 2414
1384 3351
1384 3657
1385 1517
1385 2712
1386 3778
1387 2211
1387 2402
1388 2307
1388 2742
1388 3035
1389 1572
1389 2639
1389 3750
1390 1502
1390 2205
1390 2522
1390 2780
1391 2017
1391 2874
1391 3360
1391 3520
1392 1703
1392 1791
1392 1897
1392 2054
1393 3583
1393 3645
1393 3734
1394 1498
1394 2175
1394 3136
1395 2044
1395 2835
1396 3675
1397 2913
1397 3312
1397 3329
1397 3870
1398 2485
1398 3920
1399 2880
1400 1835
1400 2422
1400 2682
1401 1847
1401 3389
1401 3689
1403 1496
1403 1509
1403 1738
1403 2073
1404 1557
1405 1467
1405 3797
1406 2435
1406 2543
1406 2737
1407 3165
1408 2376
1408 3760
1409 1981
1409 3871
1410 1506
1410 3987
1411 1920
1411 2306
1411 2917
1411 3001
1412 2356
1412 2894
1413 3359
1413 3507
1413 3861
1414 1537
1414 1765
1414 2594
1415 2123
1415 3274
1415 3722
1416 3433
1417 2013
1417 3217
1418 2156
1418 3969
1419 2550
1419 4010
1420 1877
1420 2597
1421 3396
1422 1431
1422 2668
1422 3402
1422 3461
1423 1847
1423 3361
1424 2475
1424 2603
1424 2676
1424 3489
1425 2798
1426 2222
1426 2811
1427 1815
1427 1848
1427 2778
1428 2033
1428 2041
1428 2621
1429 2380
1429 2898
1429 4004
1430 2553
1430 2687
1431 1906
1432 2425
1432 3584
1433 1469
1433 2128
1433 2171
1433 3497
1434 2445
1434 2779
1434 3485
1435 3552
1436 3563
1436 3983
1437 3079
1437 3167
1438 1591
1438 1786
1439 1909
1440 2576
1440 2637
1441 1689
1441 2453
1442 3252
1443 2911
1443 3785
1443 3892
1445 1745
1445 1935
1445 3134
1446 2036
1446 2735
1447 1784
1447 3715
1447 3958
1448 2225
1448 2366
1448 2899
1449 2705
1449 3024
1450 3984
1452 2322
1452 2581
1452 3448
1452 3683
1453 2150
1453 3512
1453 3514
1454 2244
1454 3434
1455 1523
1456 1495
1456 1544
1456 1579
1457 1900
1457 2359
1457 3698
1458 1967
1458 2138
1458 3112
1459 1788
1459 2270
1459 3767
1460 2587
1460 3612
1460 3895
1461 1602
1461 2093
1461 2982
1462 2220
1462 2882
1462 2902
1463 2629
1463 3552
1464 1478
1464 3899
1465 1608
1465 2599
1465 3779
1466 2925
1466 3131
1466 3187
1467 1885
1467 1966
1467 2591
1468 1938
1468 2315
1469 3208
1469 3934
1470 1764
1470 3486
1471 1774
1471 3187
1472 1511
1472 1516
1473 3634
1473 3851
1474 2582
1474 3850
1475 2707
1475 2914
1475 3322
1476 1952
1476 2145
1477 1591
1477 1673
1477 3611
1477 3676
1478 2193
1479 2301
1479 3171
1480 2770
1480 3870
1481 1973
1481 2980
1481 3055
1482 1744
1482 2288
1482 3900
1483 2719
1485 1640
1485 2630
1485 3960
1486 3461
1487 3583
1488 2574
1488 3409
1489 2016
1489 3009
1489 3431
1490 2275
1490 3539
1491 2461
1491 2828
1491 3607
1492 2582
1492 3563
1493 2299
1494 2410
1494 3451
1494 3938
1495 2974
1496 2533
1496 3463
1497 2355
1498 2700
1499 2337
1499 3050
1500 2340
1500 2433
1500 2436
1501 2583
1501 3076
1503 3407
1504 3993
1505 1834
1505 2313
1505 3262
1506 2491
1506 2714
1507 1982
1507 2758
1508 2058
1508 2252
1508 3748
1509 2533
1509 3241
1509 3523
1510 1869
1510 2309
1511 1739
1512 1525
1512 3247
1512 3565
1513 2085
1513 2452
1514 2125
1514 3664
1515 2687
1516 3712
1517 2976
1518 1702
1519 2318
1520 1548
1520 2094
1520 2678
1521 3342
1521 3366
1522 2284
1522 2580
1523 1605
1523 2521
1524 2397
1524 2451
1524 2799
1525 2376
1525 3531
1525 3760
1526 1985
1526 2314
1527 1546
1527 2321
1527 3472
1528 2830
1528 3258
1529 3916
1530 1906
1530 2535
1530 2681
1531 1804
1531 3620
1532 2496
1532 3894
1533 1566
1533 2890
1533 3753
1534 2635
1534 3592
1535 1761
1536 2057
1536 3141
1537 2876
1538 2005
1538 2041
1539 1623
1539 1997
1540 2639
1540 2652
1540 3981
1541 2450
1541 3991
1542 3068
1542 3778
1543 2531
1543 3963
1544 1713
1545 2303
1545 3287
1545 3335
1546 3522
1546 3856
1546 3903
1547 1757
1547 2101
1547 2199
1547 2335
1548 1592
1548 3834
1549 2441
1549 2463
1550 1772
1550 2523
1551 3282
1551 3648
1551 3857
1552 3060
1552 3919
1553 2634
1553 2970
1553 3156
1553 3369
1554 3062
1554 3941
1555 3361
1555 3806
1556 2382
1556 3647
1557 3199
1558 3778
1559 2837
1559 3424
1559 3550
1560 2049
1560 2956
1561 3418
1562 2287
1562 2349
1563 1608
1563 3779
1564 3418
1565 1752
1565 2003
1566 2390
1566 2476
1567 1728
1567 2513
1567 3488
1568 2108
1568 2116
1569 2183
1569 3391
1569 3796
1570 2866
1570 3638
1570 4003
1571 1668
1571 1968
1571 2395
1573 1770
1573 3054
1573 3569
1574 2177
1574 3384
1574 3905
1575 1842
1575 2812
1576 1745
1576 2449
1576 3645
1576 3734
1577 3166
1577 3267
1577 3539
1578 2170
1578 2632
1579 1713
1579 2974
1580 2395
1581 3168
1582 1793
1583 2084
1583 2273
1583 3644
1584 1823
1584 2562
1584 3218
1586 2071
1586 2510
1586 3355
1587 2702
1587 2730
1588 3483
1588 3601
1589 4002
1590 2847
1590 3317
1590 3901
1591 2490
1592 1843
1592 2169
1593 1849
1593 2078
1593 2672
1593 3929
1594 1908
1594 2284
1594 3066
1595 2022
1595 2323
1595 3353
1596 2287
1596 2862
1597 1647
1597 3334
1597 3803
1598 1691
1598 3272
1598 3965
1599 1627
1599 1725
1599 2139
1600 1772
1600 2577
1600 2643
1601 2173
1602 2011
1602 2649
1602 2950
1603 2791
1603 3889
1603 3993
1604 1996
1604 2218
1604 3232
1605 1921
1606 1756
1606 2921
1607 3743
1608 3818
1609 1840
1609 3113
1610 3155
1611 1975
1611 2384
1611 2852
1612 2474
1612 3538
1612 3654
1613 2395
1614 3262
1614 3904
1615 1687
1615 1813
1615 2378
1615 2753
1616 2591
1616 3657
1617 1845
1617 3709
1618 3178
1618 3358
1620 3058
1620 3069
1621 2456
1621 2773
1621 3140
1621 3666
1622 1919
1623 1881
1623 3066
1624 2891
1625 3064
1625 3336
1626 1787
1626 3350
1626 3786
1627 1634
1627 3699
1628 1654
1628 2112
1628 2176
1628 2843
1629 3525
1630 2487
1631 3545
1633 2475
1633 2676
1633 3905
1634 1725
1634 3605
1635 2498
1635 2584
1636 3205
1636 3277
1637 1651
1637 2665
1638 2477
1638 2686
1638 2745
1638 3304
1639 1727
1639 2161
1639 3142
1640 2707
1640 3858
1641 1904
1641 1976
1641 4005
1642 1917
1643 3833
1644 2075
1644 2754
1644 3144
1645 2838
1645 3368
1646 2653
1646 3591
1647 3611
1648 2234
1649 1927
1649 2604
1649 2688
1650 2362
1650 2447
1650 3979
1651 1975
1651 2031
1651 2214
1652 2367
1653 2156
1653 3149
1654 2979
1654 3678
1655 2279
1655 2583
1656 2512
1656 2739
1656 3435
1657 2758
1658 1942
1658 3498
1659 1679
1659 2476
1660 3013
1660 3018
1661 2210
1661 2895
1661 3007
1662 3270
1663 2167
1663 3134
1663 3480
1664 2263
1664 2325
1664 2710
1665 1681
1665 2290
1665 2959
1666 3308
1667 3038
1667 3517
1667 3994
1668 2428
1669 3274
1669 3722
1670 2014
1670 2901
1671 1760
1671 3799
1672 2452
1672 2842
1673 2490
1674 2501
1674 3154
1674 3581
1675 2003
1675 2824
1675 3716
1676 2691
1677 1736
1677 1779
1677 3256
1678 1963
1679 2005
1680 1992
1680 2772
1681 2397
1681 2451
1681 3600
1682 2025
1682 2091
1683 2001
1683 2726
1684 1735
1684 1895
1684 2529
1685 2744
1685 3350
1686 1804
1686 2311
1686 3620
1687 2267
1687 2861
1687 3116
1688 2860
1688 3240
1688 3378
1690 1770
1690 2908
1690 3635
1690 3965
1691 2043
1691 2118
1691 2365
1692 2288
1692 3028
1692 3900
1693 1909
1693 3371
1694 1797
1694 2551
1694 3283
1694 3852
1695 2493
1696 3641
1696 3820
1697 2148
1697 2271
1697 3051
1698 1706
1698 3073
1698 3423
1698 4013
1699 2027
1699 3838
1700 2343
1700 3285
1700 3624
1701 2255
1701 2806
1701 3043
1702 2105
1702 3183
1703 2458
1703 2684
1703 2961
1704 3622
1704 3623
1704 3988
1705 3337
1706 2991
1706 3917
1707 2221
1707 2685
1707 3907
1708 1796
1708 1924
1708 3710
1708 3783
1709 2100
1709 2329
1709 2753
1710 3287
1710 3770
1710 3950
1711 1887
1711 2877
1711 3665
1712 2114
1713 1914
1713 3379
1714 1914
1714 2554
1715 2101
1715 2335
1716 1995
1716 3060
1716 3299
1717 2164
1718 2467
1718 2678
1718 3218
1719 2978
1720 1802
1720 2000
1720 3931
1721 2881
1722 2888
1722 3713
1722 3940
1723 2021
1723 2530
1724 1985
1724 3455
1726 2007
1726 3207
1726 3810
1727 2358
1728 2418
1729 2208
1729 2704
1729 2761
1730 3833
1731 2191
1731 2725
1732 2173
1732 3459
1733 2613
1733 3515
1734 2793
1734 3679
1736 3498
1737 3555
1737 3650
1738 3523
1739 3682
1739 3908
1740 2354
1740 2566
1740 3300
1741 3668
1742 3351
1743 3382
1743 3482
1743 3485
1744 3294
1744 3406
1745 3536
1746 2266
1746 3439
1747 2060
1747 2095
1747 3719
1748 2793
1748 3974
1750 2216
1750 2436
1750 3075
1750 3660
1751 2204
1751 2233
1751 3176
1752 1803
1753 1896
1753 1920
1753 2306
1753 3046
1754 3418
1755 2402
1756 2198
1757 2697
1758 2994
1758 3970
1759 2042
1760 2287
1760 3538
1761 3183
1761 3266
1762 3348
1762 3576
1763 2917
1763 3665
1765 2876
1766 2111
1767 2289
1767 3030
1768 2275
1768 3166
1768 3539
1769 1796
1769 2656
1769 3842
1769 3848
1770 2118
1770 3897
1771 3312
1771 3615
1771 3870
1772 3058
1773 2124
1773 3540
1774 1972
1774 2240
1775 3823
1776 1854
1776 2100
1776 3964
1777 1793
1777 2039
1778 1782
1778 2572
1779 1873
1779 2606
1780 1789
1780 3318
1781 1962
1781 2865
1781 3416
1782 3758
1783 2440
1783 2930
1783 3127
1784 2829
1784 3397
1785 2068
1785 2995
1786 2827
1787 1839
1787 3271
1788 2132
1788 3389
1789 2520
1789 3506
1790 2417
1790 3019
1790 3039
1791 2089
1791 2458
1791 2696
1792 3222
1793 1822
1794 3872
1795 2630
1795 3736
1797 2642
1797 2784
1797 3724
1798 3015
1798 3471
1798 3893
1799 2731
1799 3682
1800 2573
1800 2610
1801 2889
1801 2979
1801 3018
1802 2013
1802 3591
1803 2003
1805 2064
1805 2629
1805 3444
1805 3813
1806 2856
1807 2491
1807 2714
1807 3553
1808 2201
1808 3038
1808 3994
1809 2085
1809 2935
1809 3570
1810 2212
1810 2408
1811 2262
1811 2330
1812 3276
1812 3957
1814 3160
1814 3691
1815 3528
1816 1932
1816 2677
1817 2823
1817 2949
1818 2061
1818 2482
1818 2750
1818 3586
1819 3080
1819 3280
1820 3151
1820 3476
1820 3754
1821 2171
1821 2646
1821 3497
1823 3752
1823 3958
1824 2190
1824 2294
1824 3867
1825 2479
1825 2746
1825 3036
1826 1930
1826 3265
1827 2428
1827 3756
1828 2848
1828 2987
1828 3354
1829 1943
1829 3414
1830 3376
1830 3768
1831 2385
1831 3459
1832 3016
1832 3037
1833 3838
1834 3117
1834 3490
1835 2894
1836 2504
1837 3027
1837 3464
1838 2260
1838 3836
1839 2424
1839 2664
1839 3802
1840 3351
1840 3541
1841 3913
1841 3967
1842 2168
1844 2369
1844 2556
1844 2755
1845 3073
1845 3423
1846 2104
1846 2501
1846 2647
1847 2268
1848 2669
1849 2903
1849 3685
1849 3932
1850 2191
1850 2278
1850 2725
1851 2115
1851 2683
1852 3137
1853 2485
1853 3920
1854 3103
1854 3371
1855 2392
1855 2967
1855 3580
1856 3238
1856 3421
1857 3255
1857 3363
1857 3669
1858 2997
1858 3245
1860 3363
1861 2618
1861 2936
1861 3651
1861 3849
1863 3002
1863 3450
1864 1872
1864 2113
1865 2555
1866 3366
1866 3432
1867 1876
1867 3845
1867 3874
1868 2539
1868 2771
1868 2789
1869 3715
1869 3958
1870 2679
1870 3468
1870 3575
1871 2680
1871 3741
1872 2802
1873 2744
1873 3350
1874 2087
1874 3494
1874 3949
1875 2103
1875 3331
1875 3472
1876 3698
1877 2047
1877 2148
1878 3062
1878 3221
1878 3970
1879 2028
1879 2326
1879 2617
1879 3855
1880 1972
1881 1997
1881 2483
1881 3717
1882 1957
1882 2015
1882 2024
1883 2263
1883 2797
1884 2399
1884 2682
1884 3065
1885 2483
1885 3125
1885 3717
1886 2504
1886 3671
1886 3811
1887 2140
1887 2886
1888 1957
1888 2437
1889 3195
1890 2831
1890 2878
1891 3106
1891 3385
1891 3584
1892 2256
1892 2998
1892 3937
1893 1973
1893 2363
1893 3055
1894 3875
1895 2203
1896 2007
1896 3293
1897 2684
1897 3097
1898 3575
1899 3443
1899 3823
1900 2391
1900 2393
1900 3400
1902 2313
1902 2888
1902 3713
1903 3316
1903 3864
1903 3867
1904 2608
1905 3150
1905 3438
1905 3484
1905 3495
1906 2906
1906 3685
1907 1949
1907 2559
1907 3869
1908 3159
1908 3422
1909 2415
1909 2841
1910 3415
1911 2163
1911 3608
1912 2596
1912 3925
1913 4004
1915 2345
1915 2966
1916 2760
1916 3120
1916 3209
1917 2353
1917 3527
1917 3772
1918 2532
1918 3290
1920 3293
1921 2264
1921 3318
1922 1938
1922 3670
1922 3679
1923 2756
1923 3986
1924 2546
1925 2904
1925 3821
1926 2676
1927 2907
1927 3540
1928 2234
1928 2990
1929 3791
1930 2327
1930 2338
1930 3193
1931 2812
1931 3197
1931 3912
1932 2601
1933 2360
1933 2673
1933 2842
1935 2229
1935 3323
1936 2869
1936 3511
1937 3562
1937 3919
1938 2058
1938 2525
1939 2131
1939 2724
1940 2568
1940 3840
1941 2928
1941 2974
1941 3819
1942 2515
1942 3074
1943 2265
1944 2088
1944 3474
1945 2734
1945 2943
1945 3471
1946 2068
1946 3629
1946 3761
1947 2451
1947 3368
1947 3600
1948 2488
1951 2758
1951 3731
1951 3973
1952 2269
1953 2550
1954 2921
1954 3102
1954 3567
1955 2887
1955 3888
1956 2412
1956 3653
1958 2846
1959 2223
1959 2814
1959 3505
1960 2640
1960 3343
1961 2353
1961 3268
1962 2337
1962 3413
1963 2066
1963 2944
1964 2507
1964 2692
1964 4012
1965 2760
1965 3763
1966 3717
1967 3447
1967 3500
1967 3773
1968 2428
1969 2543
1969 2763
1970 2460
1970 2782
1970 3396
1970 3630
1971 2033
1971 2621
1971 2993
1971 3426
1972 2350
1972 3132
1973 3695
1973 3885
1974 2998
1974 3460
1974 3640
1976 3128
1976 3694
1977 2147
1977 2206
1977 2523
1978 3002
1978 3423
1979 2164
1979 3282
1979 3857
1980 2328
1981 3487
1982 2209
1982 3136
1983 2934
1983 2938
1983 3722
1984 3170
1984 3305
1986 2977
1986 3120
1986 3209
1987 2281
1988 2427
1989 3151
1989 3476
1990 2430
1990 3045
1991 3359
1992 3784
1994 2930
1994 3127
1996 2625
1998 3010
1998 3866
1998 3906
1999 2108
1999 2778
1999 3570
2000 2013
2000 3217
2001 2648
2002 2589
2002 2968
2003 2052
2004 3296
2004 3476
2004 3604
2006 2034
2006 3115
2006 3514
2007 3046
2008 3124
2009 2304
2009 3560
2010 2357
2010 3961
2010 3968
2012 3118
2012 3978
2013 2076
2015 2871
2015 3737
2016 2361
2017 2038
2017 2166
2018 2216
2018 3982
2019 3868
2019 3953
2020 2088
2020 3348
2020 3474
2021 3859
2021 3922
2022 2568
2022 3290
2023 2705
2023 3475
2023 3653
2025 2646
2025 3821
2026 2518
2026 3168
2027 2328
2027 2715
2028 2528
2028 3286
2028 3996
2029 2414
2029 3896
2030 2263
2030 3522
2031 2985
2032 2469
2032 2716
2034 3154
2034 3216
2035 2102
2035 3092
2036 2953
2037 2193
2037 3806
2038 2242
2038 3429
2040 3253
2040 4000
2043 2044
2044 3648
2044 3910
2045 3774
2045 3896
2046 2336
2046 2496
2046 3411
2047 3135
2047 3738
2048 2226
2049 2975
2049 3081
2049 3863
2050 2127
2050 3653
2050 3923
2051 2588
2052 2453
2052 2824
2053 2647
2054 2696
2054 2957
2055 2611
2055 3226
2055 3262
2057 2383
2057 2444
2057 3693
2058 3237
2058 3974
2059 3384
2059 3905
2060 2941
2060 3997
2061 2645
2061 3837
2062 2916
2062 3933
2063 3571
2064 2125
2064 2857
2065 2144
2065 2198
2065 3860
2066 3544
2067 2654
2067 3975
2069 2086
2069 2307
2069 3924
2070 2577
2070 4011
2071 3051
2071 3839
2072 2158
2072 3248
2074 2250
2074 3450
2075 3214
2075 3473
2076 2518
2077 3696
2078 3932
2079 2670
2079 2975
2080 2712
2081 2192
2081 2540
2081 3649
2082 2211
2082 2524
2083 2823
2084 2386
2086 2802
2087 3067
2088 2255
2088 3043
2089 2703
2089 3230
2089 3739
2090 2911
2091 2387
2092 2542
2092 3145
2092 3597
2093 2950
2093 3306
2094 2239
2094 2941
2095 3805
2096 2404
2096 2564
2096 2631
2096 3385
2097 2577
2097 3801
2097 4011
2098 2265
2098 2749
2099 2219
2099 3332
2099 3800
2100 3103
2100 3116
2101 2418
2101 3631
2102 3084
2102 3744
2103 3441
2107 3111
2107 3449
2109 3121
2109 3777
2110 2254
2110 2809
2110 3612
2110 3895
2111 2630
2112 2889
2112 2979
2112 3854
2114 3145
2115 2201
2116 2669
2116 3108
2117 3447
2117 3500
2117 3637
2118 3054
2118 3965
2119 2627
2119 3236
2120 3151
2121 2905
2121 3221
2121 3393
2121 3970
2122 2763
2122 2804
2123 2951
2123 3153
2124 2286
2125 2319
2125 3185
2126 2646
2126 2904
2126 3618
2126 3821
2127 2425
2127 2619
2128 3208
2128 3609
2129 2457
2129 3373
2130 3273
2131 2153
2131 3133
2131 3557
2132 2270
2133 2686
2133 2745
2133 3661
2134 2829
2134 3706
2135 2444
2135 3122
2135 3398
2135 3809
2136 3059
2137 2320
2138 2947
2138 3773
2139 3327
2140 2306
2140 2917
2140 3665
2141 2399
2141 2628
2141 3065
2142 2716
2142 2721
2142 3118
2143 2481
2143 3339
2143 3542
2144 3174
2145 4002
2146 2555
2146 3543
2146 3564
2148 3738
2149 2562
2151 3579
2152 2697
2152 3846
2153 3223
2154 2942
2154 3021
2155 3146
2155 3830
2156 2864
2157 2667
2157 2879
2158 2466
2158 2503
2159 2800
2159 3913
2160 2948
2160 3556
2160 3955
2161 2358
2161 3548
2163 3603
2164 2826
2164 3315
2165 2665
2165 2973
2166 2242
2166 2874
2166 3816
2167 3743
2168 2706
2168 3197
2170 3480
2171 2923
2172 2341
2172 2960
2172 3542
2173 2656
2173 3231
2174 3978
2176 4001
2177 2469
2177 2695
2178 3013
2178 3018
2178 3535
2179 3144
2179 3250
2180 2294
2180 3945
2181 3599
2181 3751
2182 2188
2182 2302
2182 2514
2183 2281
2183 2359
2184 2509
2184 2544
2184 2616
2185 2225
2185 3416
2186 3086
2186 3150
2187 2783
2188 3703
2189 2366
2189 2899
2189 3303
2189 3909
2190 3938
2191 2585
2192 2844
2192 2908
2193 3899
2194 2695
2194 3114
2195 2202
2195 3478
2196 2378
2196 2570
2196 2702
2197 2235
2198 2921
2198 3215
2199 2697
2199 3631
2200 2575
2200 2795
2201 2390
2202 3672
2204 2362
2204 3102
2205 2781
2205 3078
2206 2672
2207 2330
2207 3880
2208 2625
2209 2470
2209 3735
2210 3684
2210 3790
2211 2933
2212 2407
2212 3902
2213 2472
2213 3574
2213 3882
2214 2792
2215 3605
2215 3828
2215 3883
2216 3765
2217 2971
2217 3101
2217 3766
2218 3503
2218 3516
2219 3896
2220 2301
2220 3242
2221 2578
2221 3691
2225 2558
2226 3253
2227 2845
2228 2471
2228 2896
2228 3670
2229 2813
2230 2335
2230 3747
2231 2516
2231 3650
2232 3762
2233 3102
2233 3729
2233 3915
2234 3764
2235 3068
2235 3778
2236 2660
2236 3113
2237 2902
2237 3364
2238 2336
2238 3518
2238 3894
2239 2678
2240 2350
2241 3675
2243 2526
2243 2667
2243 3628
2243 3709
2244 3692
2245 2413
2245 2486
2246 3167
2246 3588
2247 3328
2248 2661
2248 3330
2249 2331
2249 2370
2249 2815
2250 2371
2251 2277
2251 2984
2251 3477
2252 2315
2253 3605
2253 3883
2254 2300
2254 2495
2255 3189
2256 2427
2256 3109
2256 3184
2257 3573
2258 2648
2258 3769
2259 2638
2259 2820
2259 3268
2259 3593
2260 3251
2260 3361
2260 3806
2261 2351
2261 2459
2262 3814
2262 3904
2264 2769
2264 3667
2266 2416
2266 3836
2267 2378
2268 3689
2268 3707
2269 2577
2269 2643
2269 3688
2271 2298
2271 3738
2272 2296
2272 2407
2273 3752
2274 2401
2274 2633
2276 2303
2276 2858
2276 3770
2277 2627
2278 2517
2278 2717
2278 3781
2279 2419
2279 2773
2280 2515
2280 3089
2281 2391
2281 3392
2282 2892
2282 3332
2283 3278
2284 3422
2285 3109
2286 3882
2287 3799
2288 2832
2289 3149
2290 2840
2290 3600
2291 3141
2291 3321
2292 3327
2293 2537
2293 3233
2293 3725
2294 3427
2295 2825
2295 3254
2297 3733
2298 3182
2299 2811
2300 2809
2300 3507
2300 3861
2302 3163
2304 3042
2304 3370
2304 3554
2305 3065
2305 3282
2308 3648
2308 3659
2308 3910
2309 3715
2309 3952
2310 3991
2311 2793
2312 2693
2312 2850
2312 3411
2312 3724
2313 3117
2314 3878
2316 3313
2317 2540
2317 2872
2317 3649
2318 2368
2318 3310
2319 3417
2320 2805
2320 2811
2321 3856
2323 2532
2323 3290
2324 3232
2324 3265
2325 2794
2326 3105
2327 3274
2329 3347
2330 3904
2331 3667
2333 2779
2333 3485
2333 3966
2334 3926
2336 3757
2337 3416
2338 3928
2339 2584
2339 3529
2340 3588
2342 3314
2342 3368
2343 2536
2343 3886
2344 2925
2345 2618
2345 3651
2346 3941
2347 3328
2347 3401
2348 2496
2348 3868
2349 3223
2349 3799
2350 3716
2351 2382
2353 2423
2354 3249
2354 3921
2355 3945
2356 2422
2357 3509
2359 2391
2359 3391
2360 3104
2363 3695
2363 3939
2364 3410
2364 3890
2365 2826
2365 3054
2367 2369
2367 2879
2369 2561
2370 2506
2370 3191
2371 3561
2372 2768
2372 3692
2373 2472
2373 2579
2374 2880
2375 3502
2375 3879
2375 3954
2376 2636
2376 3161
2377 3516
2377 3804
2379 3084
2381 2962
2382 3537
2383 2392
2383 2972
2384 3139
2384 3789
2385 3399
2385 3955
2386 2655
2386 3763
2387 2831
2388 3671
2389 3249
2389 3389
2389 3689
2389 3921
2390 3753
2392 2413
2392 3693
2393 3515
2393 3698
2394 3382
2396 3320
2396 3656
2396 3914
2398 3440
2398 3468
2400 2464
2400 3557
2401 2437
2403 3245
2403 3718
2404 3246
2404 3623
2404 3988
2405 2881
2405 3048
2405 3925
2406 3292
2406 3551
2409 2893
2409 3391
2410 3777
2411 2640
2411 3326
2411 3825
2412 2770
2413 3580
2414 2512
2414 3508
2415 3169
2416 2875
2417 2766
2417 3800
2419 2583
2420 3327
2422 2894
2423 2488
2423 3527
2424 3042
2424 3119
2425 3342
2426 3473
2427 3640
2428 3108
2429 2690
2429 3103
2429 3371
2429 3404
2430 3641
2430 4013
2431 2489
2431 3959
2432 2982
2433 3167
2433 3588
2433 3765
2434 2631
2434 3106
2434 3385
2435 3492
2435 3920
2436 2679
2436 3765
2437 3357
2438 3523
2439 2836
2439 3837
2440 3059
2440 3841
2441 2743
2442 2714
2443 3064
2443 3634
2443 3851
2444 2972
2445 2980
2445 3055
2446 3873
2447 3403
2449 2454
2449 3536
2450 3193
2452 2527
2452 3609
2453 3479
2453 3608
2454 2547
2454 2807
2454 2813
2455 2764
2455 2808
2455 3012
2456 2798
2456 3458
2458 3739
2459 2803
2459 3052
2460 2969
2461 3048
2462 2615
2462 2733
2463 2671
2463 3815
2464 3564
2464 3939
2465 3978
2466 3834
2467 2693
2467 2850
2468 3289
2470 3173
2471 3050
2471 3240
2472 2688
2472 3627
2473 2789
2473 4007
2474 2975
2474 3081
2475 2695
2476 3235
2477 3858
2478 3979
2480 3477
2482 2836
2482 3186
2484 2628
2484 3998
2486 2522
2486 3321
2488 2958
2489 3729
2490 3152
2491 2814
2492 3306
2492 3699
2493 3700
2494 2905
2494 3221
2495 3507
2496 3405
2497 3065
2497 3282
2498 3177
2499 3558
2500 3229
2500 3556
2502 3415
2502 3522
2502 3903
2503 3248
2504 2964
2504 3343
2505 2604
2505 2947
2506 2815
2507 2756
2507 3937
2508 2977
2508 3972
2509 2891
2510 3839
2512 3019
2513 3412
2515 3533
2516 3071
2517 3122
2518 3199
2519 3298
2522 2781
2523 2672
2523 3929
2524 3835
2525 2793
2525 3679
2525 3974
2526 3032
2526 3850
2528 3855
2530 2675
2530 3815
2530 3922
2531 3951
2533 2685
2535 2762
2535 2903
2535 3685
2536 3961
2537 3105
2538 3278
2538 3847
2539 2862
2539 3462
2540 2844
2541 2563
2541 3207
2545 2587
2545 3781
2545 4000
2546 2635
2546 3783
2548 2563
2549 2586
2549 3548
2550 3100
2551 2600
2551 2642
2552 3465
2552 3589
2553 3157
2554 3235
2554 3942
2556 2638
2556 3268
2556 3300
2557 2654
2557 2800
2558 3416
2559 2747
2560 3017
2561 2755
2561 2879
2562 3587
2563 3902
2564 3325
2564 3642
2564 3988
2565 3399
2566 3249
2566 3749
2567 3546
2567 3619
2569 2771
2569 3700
2570 2917
2570 3001
2572 2861
2573 2578
2573 3691
2574 2878
2574 2999
2574 3402
2575 2644
2576 3962
2578 2610
2579 2604
2579 2688
2580 3273
2581 2858
2581 3770
2582 2654
2584 3638
2584 4003
2585 3319
2586 3395
2586 3604
2588 3582
2589 2742
2590 3524
2590 3531
2590 3711
2591 3125
2592 2624
2592 3111
2592 3449
2593 2996
2593 3966
2594 2772
2595 2651
2595 3876
2596 3822
2598 3793
2598 3835
2600 3283
2600 3791
2601 2677
2602 3337
2602 3381
2605 3977
2606 2744
2606 3256
2607 2940
2607 3682
2607 3908
2608 2829
2608 3706
2608 4005
2609 2978
2610 3463
2611 3625
2612 2891
2613 2938
2614 2795
2614 3655
2615 3194
2616 2891
2616 3572
2617 3996
2619 3342
2620 3613
2620 3673
2622 2962
2622 3545
2624 3040
2624 3345
2625 2761
2626 3521
2626 3538
2626 3654
2629 2857
2631 3246
2631 3704
2632 2945
2634 3106
2635 2837
2635 3219
2636 2995
2637 3962
2638 2955
2640 2746
2640 3811
2641 2945
2641 3986
2644 2666
2644 3543
2645 3586
2645 3686
2648 3198
2649 2982
2649 3616
2650 2657
2650 3057
2651 2659
2651 2855
2653 3238
2653 3421
2654 3850
2655 3067
2656 3459
2657 3383
2658 3311
2660 2807
2662 3279
2662 3984
2663 3135
2663 3297
2663 3394
2664 3042
2664 3554
2666 3557
2667 3407
2667 3561
2668 3469
2669 3756
2670 3090
2670 3214
2672 2903
2673 3528
2674 3180
2674 3292
2674 3956
2675 2790
2677 2958
2679 3075
2681 3140
2683 3753
2684 3525
2685 3241
2686 2875
2686 3656
2689 3505
2690 2736
2690 2841
2691 2694
2692 3313
2693 3218
2694 3559
2695 3905
2696 2703
2697 3186
2698 2823
2699 3410
2699 3784
2700 2897
2700 3136
2703 2980
2704 3658
2705 2960
2705 3201
2707 2745
2708 3093
2708 3501
2709 2731
2710 3023
2710 3341
2711 3181
2711 3571
2711 3878
2713 3082
2715 3636
2717 2725
2718 2998
2720 3285
2720 3521
2721 3439
2722 2859
2722 3166
2722 3267
2724 3375
2724 3557
2727 2871
2727 2919
2728 3519
2729 3526
2729 3626
2729 3652
2732 3247
2732 3565
2735 3316
2735 3864
2736 3169
2736 3202
2736 3446
2737 3492
2738 3260
2738 3298
2739 2874
2739 3520
2740 2966
2740 3197
2740 3912
2741 3128
2744 3324
2745 3858
2746 3326
2747 4002
2748 2764
2748 2808
2748 2854
2748 3577
2749 3230
2749 3817
2749 3885
2750 3727
2751 3619
2751 3911
2752 3544
2753 3116
2754 3214
2756 3690
2758 2897
2760 3067
2761 2869
2762 2798
2763 2954
2764 3456
2764 3788
2765 2844
2765 3950
2766 3510
2768 3617
2771 3000
2771 3462
2772 3721
2773 2901
2774 3998
2775 3828
2775 3883
2776 2846
2776 2869
2777 3951
2779 2992
2781 3321
2782 2928
2784 3757
2784 3852
2785 2934
2785 3585
2785 3845
2785 3874
2787 3357
2789 3000
2789 3090
2790 3034
2790 3922
2791 2888
2792 3338
2794 3639
2795 3968
2796 2953
2796 3415
2797 3331
2797 3643
2797 3935
2798 2873
2800 3971
2801 3997
2802 2830
2803 2939
2804 2954
2804 3097
2804 3302
2805 3432
2806 3639
2806 3727
2810 3113
2813 3536
2814 3553
2815 3506
2815 3667
2816 2835
2816 3730
2817 2910
2819 3708
2820 2955
2821 3251
2821 3322
2822 2988
2822 3380
2822 3718
2824 3608
2826 3857
2828 3096
2828 3246
2828 3623
2831 3126
2831 3601
2832 2965
2832 3028
2832 3188
2833 3410
2833 3784
2834 2872
2834 3649
2837 3592
2837 3783
2838 2918
2838 3442
2839 3819
2840 2959
2840 3513
2840 3775
2841 3169
2841 3371
2842 3104
2843 3854
2844 2936
2845 3198
2846 3005
2847 2948
2847 3842
2849 3013
2849 3030
2849 4008
2850 3405
2851 3340
2851 3388
2852 3139
2853 3838
2854 3313
2855 2989
2856 3372
2858 3448
2861 3964
2863 3105
2863 3672
2864 3558
2865 3413
2867 3008
2867 3190
2870 3369
2870 3720
2871 3454
2872 3072
2872 3244
2873 3458
2874 3380
2875 3661
2875 3862
2876 3943
2877 2886
2877 3299
2877 3491
2878 3126
2878 3409
2879 3407
2882 2946
2882 3339
2883 3307
2884 3005
2884 3798
2885 3288
2886 3892
2888 3117
2889 3771
2892 3483
2895 3684
2896 3129
2897 3973
2899 3025
2899 3129
2900 3094
2900 3613
2901 3666
2902 2946
2904 3301
2907 3401
2909 3701
2910 3737
2913 3713
2913 3940
2914 3930
2916 3779
2919 3070
2919 3454
2920 3040
2921 3664
2922 2951
2922 3701
2923 3601
2924 2957
2924 2992
2925 3174
2926 3122
2926 3398
2927 3829
2928 3275
2929 3110
2929 3766
2930 3926
2932 3158
2932 3768
2933 3621
2937 3440
2937 3468
2937 3575
2938 3515
2939 3052
2940 3224
2941 3740
2943 3295
2948 3317
2951 3210
2952 3095
2952 3893
2953 3687
2953 3741
2956 3863
2960 3024
2961 3525
2962 3296
2962 3881
2963 3555
2965 3884
2969 3396
2970 3872
2971 3152
2971 3195
2972 3809
2973 3049
2974 3275
2977 3805
2978 3534
2981 3224
2982 3139
2983 3833
2984 3983
2985 3887
2988 3816
2989 3511
2990 3764
2990 3826
2991 3099
2992 2996
2992 3966
2993 3002
2993 3450
2994 3049
2999 3126
2999 3483
3000 3700
3002 3426
3003 3279
3004 3324
3007 3790
3008 3429
3009 3697
3011 3234
3011 4006
3012 3460
3012 3537
3013 3827
3014 3340
3014 3388
3015 3381
3016 3460
3016 3640
3017 3562
3018 3771
3019 3435
3019 3508
3021 3875
3022 3184
3022 3690
3024 3732
3025 3303
3028 3582
3029 3133
3029 3143
3029 3363
3029 3669
3030 3827
3032 3453
3033 3966
3034 3437
3035 3898
3038 3812
3039 3435
3039 3780
3041 3182
3041 3985
3041 3989
3042 3284
3043 3727
3044 3503
3044 3516
3045 3099
3047 3403
3048 3822
3052 3546
3057 3596
3059 3127
3059 3953
3061 3696
3062 3723
3067 3763
3068 3131
3068 3187
3069 3943
3070 3399
3070 3955
3071 3877
3073 3445
3073 3453
3074 3533
3075 3468
3076 3906
3077 3330
3078 3582
3079 3782
3079 3982
3080 3386
3080 3668
3081 3654
3082 3358
3082 3647
3083 3597
3083 3936
3084 3092
3085 3226
3086 3252
3087 3563
3087 3983
3087 3999
3088 3884
3089 4006
3090 4007
3091 3526
3093 3377
3094 3513
3094 3775
3095 3311
3096 3270
3096 3607
3098 3340
3098 3390
3101 3265
3101 3928
3104 3107
3106 3156
3108 3756
3111 3210
3112 3500
3114 3746
3114 3914
3115 3216
3119 3202
3119 3284
3121 3387
3123 3789
3123 3954
3124 3570
3125 3657
3128 4005
3130 3354
3132 3716
3133 3223
3134 3323
3135 3362
3136 3735
3137 3562
3137 3674
3138 3368
3138 3600
3139 3616
3141 3693
3142 3347
3142 3548
3143 3223
3144 3473
3145 3787
3147 3455
3148 3936
3150 3992
3152 3766
3153 3210
3155 3976
3156 3584
3157 3436
3158 3364
3160 3792
3161 3524
3161 3531
3163 3504
3163 3697
3164 3703
3165 3436
3168 3712
3170 3387
3171 3590
3172 3257
3172 3529
3172 3998
3173 3196
3173 3865
3174 3544
3175 3180
3175 3206
3176 3276
3176 3915
3177 3593
3178 3924
3179 3798
3180 3288
3180 3419
3184 3937
3185 3417
3186 3846
3188 3906
3190 3360
3194 3372
3198 3769
3199 3443
3200 3367
3201 3475
3201 3947
3203 3253
3203 3602
3203 3616
3204 3259
3204 3662
3206 3288
3209 3524
3209 3711
3211 3449
3212 3777
3213 3702
3214 4007
3215 3664
3215 3860
3218 3587
3219 3981
3221 3723
3222 3767
3225 3938
3226 3490
3228 3237
3228 3974
3229 3266
3229 3633
3232 3503
3235 3812
3236 3806
3237 3748
3239 3555
3239 3755
3239 3877
3241 3967
3242 3666
3245 3595
3247 3531
3250 3967
3251 3836
3254 3378
3254 3808
3256 3269
3257 3315
3257 3824
3259 3448
3260 3794
3261 3373
3262 3490
3263 3353
3264 3446
3266 3663
3271 3786
3271 3802
3272 3430
3278 3466
3279 3348
3279 3474
3284 3370
3285 3509
3286 3696
3287 3651
3288 3956
3289 3352
3291 3639
3292 3419
3293 3873
3294 3383
3295 3471
3297 3646
3298 3794
3301 3618
3302 3433
3303 3620
3304 3656
3304 3914
3306 3977
3308 3551
3309 3871
3310 3441
3312 3702
3312 3940
3313 4012
3314 3859
3314 3946
3317 3556
3318 3506
3320 3862
3322 3661
3322 3930
3325 3346
3328 3877
3329 3546
3329 3795
3332 3995
3333 3615
3334 3952
3343 3811
3344 3830
3345 3449
3352 3585
3355 3603
3356 3699
3356 3891
3360 3780
3362 3388
3362 3394
3364 3376
3364 3768
3365 3621
3367 3550
3370 3425
3370 3560
3375 3382
3375 3482
3380 3816
3383 3406
3385 3642
3393 3973
3395 3548
3395 3549
3396 3677
3397 3715
3400 3515
3401 3540
3405 3411
3406 3900
3406 4001
3407 3628
3408 3469
3408 3774
3412 3488
3412 3918
3413 3705
3415 3687
3423 3917
3424 3710
3424 3783
3425 3467
3425 3625
3427 3747
3427 3867
3431 3504
3431 3697
3433 3790
3435 3520
3438 3992
3442 3558
3444 3860
3445 4013
3452 3624
3458 3666
3459 3842
3460 3745
3464 3807
3465 3785
3466 3847
3467 3904
3469 3932
3470 3658
3472 3522
3478 3672
3480 3743
3487 3871
3487 3912
3488 3650
3492 3782
3492 3982
3493 3649
3493 3990
3499 3505
3502 3861
3502 3962
3508 3896
3509 3961
3510 3934
3511 3798
3513 3613
3517 3847
3518 3551
3518 3757
3519 3728
3520 3780
3521 3598
3526 3630
3529 3638
3529 3824
3530 3789
3532 3574
3535 3771
3537 3745
3545 4006
3549 3754
3553 3610
3560 3625
3561 3709
3565 3589
3567 3664
3568 3629
3571 3803
3572 3911
3573 3840
3574 3627
3577 3788
3578 3923
3583 3714
3589 3785
3591 3931
3595 3718
3595 3888
3598 3654
3606 3658
3608 3726
3614 3727
3615 3702
3617 3692
3619 3880
3624 3853
3630 3677
3633 3663
3633 3737
3635 3897
3635 3990
3636 3759
3646 3801
3646 4011
3650 3918
3651 3950
3652 3990
3655 3968
3656 3862
3659 3730
3665 3751
3680 3731
3681 3738
3687 3903
3688 3989
3690 3937
3690 3986
3696 3996
3698 3874
3704 3822
3705 3832
3711 3851
3714 3734
3719 3805
3719 3997
3729 3959
3730 3910
3742 3972
3762 3948
3766 3928
3768 3890
3776 3863
3779 3933
3782 3920
3793 3977
3795 3870
3797 3936
3803 3878
3804 3876
3805 3972
3810 3902
3812 3942
3814 3980
3822 3925
3829 3927
3830 3976
3831 3984
3858 3960
3898 3947
3898 3963
3909 3961
3915 3959
3934 3995
3969 4008
