4014 7258
0 1055
0 2767
0 3630
0 3711
1 114
1 509
1 2801
2 568
2 1176
2 1687
2 3287
3 1298
3 1711
3 2887
3 3007
4 1861
4 2700
4 2838
4 3657
5 1059
5 1951
5 2703
5 3467
6 338
6 1078
6 2030
6 3250
7 412
7 876
7 2795
7 3715
8 255
8 1895
8 2963
8 3119
9 100
9 229
9 2632
10 680
10 1955
10 2657
10 2762
11 404
11 897
11 2387
11 3481
12 185
12 3554
13 110
13 684
13 2201
13 3231
14 303
14 1214
14 1246
14 1643
15 734
15 1200
15 2060
15 4005
16 396
16 1659
17 1351
17 1407
17 2758
17 3562
18 356
18 622
18 1237
18 1721
19 674
19 1028
19 1031
19 3208
20 399
20 1524
20 1890
20 2241
21 468
21 1304
21 2695
21 3750
22 605
22 1143
22 2270
22 3826
23 639
23 817
23 1716
24 1046
24 1233
24 1256
24 1956
25 3618
25 3858
26 118
26 213
26 391
26 2245
27 634
27 1088
27 2694
27 3813
28 1431
28 2120
28 2782
29 749
29 1533
30 1617
30 3058
30 3829
31 1115
31 1345
31 2172
32 2095
32 2579
32 3485
33 712
33 872
33 926
33 3852
34 2114
34 3207
34 3487
35 211
35 752
35 1311
35 3768
36 97
36 826
36 2342
36 3805
37 1291
37 1681
37 2567
38 697
38 2216
38 2243
38 3941
39 377
39 739
39 3038
39 3278
40 642
40 822
40 1740
40 3928
41 1972
41 3076
41 3510
42 183
42 1999
42 2458
42 2857
43 1188
43 3026
43 3272
43 4001
44 120
44 185
44 1166
44 2101
45 333
45 1411
45 1890
45 3511
46 1399
46 3517
47 1053
47 1643
47 2252
47 2463
48 370
48 2212
48 3045
48 3918
49 540
49 1008
49 2286
49 2509
50 453
50 1901
50 2424
50 3769
51 577
51 3220
51 3797
52 365
52 1465
52 2571
53 2205
53 3839
53 3868
54 557
54 569
54 786
54 2725
55 473
55 516
55 3142
55 3444
56 1333
56 2118
56 3604
57 833
57 1184
58 2704
58 2911
58 3659
58 3914
59 284
59 500
59 746
59 1603
60 1115
60 2172
60 2871
60 3926
61 1015
61 1330
61 3393
61 3793
62 696
62 2938
62 3135
62 3856
63 834
63 835
63 3717
64 640
64 3219
64 3800
65 609
65 1061
65 1730
65 2859
66 506
66 2129
66 2425
67 830
67 2377
67 2417
67 2629
68 1644
68 1912
68 2062
68 2731
69 1697
69 2221
69 2397
70 803
70 1207
70 1419
70 1596
71 2428
71 3057
71 3222
71 3724
72 713
72 1109
72 3132
73 1870
73 1964
73 2670
73 3341
74 2767
74 2905
75 881
75 1069
75 1504
76 1077
76 1209
76 2256
76 3339
77 1619
77 1851
77 2506
77 3490
78 145
78 1929
78 3436
78 3705
79 3326
79 3502
79 3795
80 3155
80 3257
80 3402
80 3934
81 1238
81 2014
81 3386
81 3464
82 101
82 278
82 1969
82 3062
83 478
83 1712
83 1921
83 2512
84 733
84 2072
84 2173
84 2447
85 3230
85 3364
85 3392
86 236
86 2598
86 3403
86 3983
87 769
87 894
87 1790
88 2159
88 3220
88 3680
88 3933
89 233
89 612
89 794
89 3946
90 205
90 1840
90 3661
91 542
91 1559
91 3254
91 3315
92 115
92 1445
92 1549
93 400
93 1676
93 2535
94 1237
94 2312
94 2400
94 3773
95 1204
95 1404
95 1975
95 2540
96 3181
96 3432
96 3440
97 3187
98 2141
98 3529
98 3575
98 3643
99 1034
99 1259
99 2411
99 2773
100 2071
100 2364
101 1025
101 2725
101 3312
102 789
102 1628
102 1886
102 3805
103 1934
103 2058
103 2187
103 2427
104 1471
104 1732
104 3233
104 3923
105 392
105 1224
105 1615
105 2790
106 451
106 2026
106 2332
106 3522
107 377
107 3038
108 1018
108 1554
108 2910
108 3878
109 780
109 1932
109 3419
110 745
110 1139
110 1437
111 439
111 2883
111 3106
111 3156
112 274
112 648
112 2481
112 3247
113 1687
113 2882
113 3731
113 3895
114 804
114 2595
115 1991
115 2378
116 692
116 2294
116 2402
116 3897
117 353
117 2878
117 2969
117 3967
118 2219
118 3209
119 226
119 779
119 1409
119 3274
120 1601
120 3028
121 381
121 654
121 1538
121 3534
122 1262
122 1820
123 1940
123 2114
123 3487
123 3676
124 604
124 1928
124 2918
124 3760
125 318
125 945
125 1386
125 3909
126 769
126 850
126 3840
127 1009
127 1535
127 2361
127 2787
128 258
128 272
128 2951
128 3791
129 682
129 1105
129 2814
130 1077
130 1235
130 1465
131 943
131 984
131 1976
132 451
132 626
132 2332
132 2973
133 2891
133 3880
133 3945
133 3951
134 298
134 1067
134 3485
135 264
135 485
135 1632
135 2889
136 214
136 1694
136 2870
136 3787
137 713
137 3297
137 3603
138 1340
138 2496
138 2607
138 3671
139 699
139 820
139 2792
139 2821
140 1684
140 2091
140 3241
140 3443
141 459
141 556
141 1182
141 3708
142 1747
142 3179
142 3812
143 1076
143 2761
143 3397
144 653
144 1372
144 2519
144 2818
145 1467
145 3681
145 3744
146 1225
146 2122
146 2727
146 3911
147 697
147 1440
147 2216
148 884
148 1405
148 3290
149 753
149 897
149 2387
149 3165
150 457
150 1363
150 2147
150 3536
151 2507
151 3135
151 3494
151 3856
152 1088
152 1397
152 1823
152 2694
153 216
153 917
153 3096
153 3931
154 1250
154 1321
154 1846
154 3653
155 379
155 1972
155 3076
155 3276
156 163
156 325
156 759
156 2872
157 1271
157 1872
157 2006
157 3347
158 2405
158 2660
158 3367
158 3691
159 942
159 2805
159 3202
159 3915
160 1385
160 1564
160 2804
160 3134
161 2473
161 2738
161 2858
161 3842
162 2788
162 3975
163 635
163 1772
163 3960
164 976
164 985
164 2125
164 2510
165 404
165 897
165 2499
165 3972
166 193
166 199
166 1809
166 2759
167 169
167 1463
167 2486
167 3072
168 1612
168 1705
168 2958
169 3224
169 3618
169 3858
170 2087
170 2344
170 2605
170 3694
171 944
171 2079
171 2295
171 3724
172 813
172 2413
172 3476
172 3624
173 388
173 819
173 3539
174 2265
174 2310
174 3177
174 3884
175 591
175 836
175 2488
175 2772
176 927
176 1276
176 2335
176 3649
177 344
177 780
177 3256
177 3419
178 385
178 1280
178 2971
179 194
179 2814
179 3420
179 3580
180 1635
180 2536
180 3159
180 3870
181 230
181 507
182 2033
182 2055
182 3423
183 383
183 2516
183 3328
184 987
184 1119
184 1459
184 3583
185 307
186 3304
186 3685
186 3872
187 573
187 2793
187 2860
187 3245
188 534
188 2179
188 2386
189 822
189 1918
189 3337
190 2375
190 2816
190 3104
190 3385
191 947
191 1081
191 2282
191 2742
192 250
192 1615
192 2790
192 3333
193 2051
193 2681
193 3774
194 2074
194 3709
194 3976
195 465
195 1353
195 1919
195 3427
196 828
196 2882
196 3457
196 3731
197 2107
197 2524
197 2625
197 2734
198 424
198 781
198 2883
198 3106
199 2681
199 3828
199 4007
200 425
200 1078
200 2198
200 3422
201 1925
201 2111
201 4011
202 1122
202 2427
203 2879
203 2934
203 3550
204 380
204 2155
204 3497
205 603
205 1527
205 3124
206 1699
206 2507
206 3135
206 3157
207 1013
207 2318
207 2482
207 3046
208 1189
208 2698
208 2799
208 3067
209 875
209 2714
209 3096
209 3931
210 663
210 1538
210 2233
210 3534
211 827
211 1768
211 3586
212 1094
212 2466
212 2538
213 2015
213 2557
213 3209
214 592
214 3544
214 3642
215 655
215 796
215 862
215 896
216 1701
216 2199
216 3318
217 1335
217 1946
217 2360
218 887
218 1118
218 2925
218 3908
219 521
219 1013
219 2577
219 3046
220 2807
220 3419
220 3727
221 270
221 590
222 2681
222 3291
222 3818
222 3828
223 1193
223 1314
223 3603
224 238
224 957
224 2281
224 2356
225 2411
225 2531
225 2773
225 3308
226 486
226 2602
227 1668
227 2026
227 2656
227 3707
228 533
228 583
228 1308
228 2350
229 2735
229 2932
230 1896
230 2225
230 2231
231 386
231 2307
231 2367
231 3400
232 1299
232 2181
232 3880
233 2124
233 3548
233 3566
234 273
234 1794
234 2609
234 2876
235 1786
235 2906
235 3289
235 3733
236 324
236 2960
236 3150
237 1666
237 2104
237 2145
237 2326
238 2079
238 2528
239 1271
239 1902
239 2006
239 2851
240 1240
240 2353
240 3792
241 1335
241 2563
241 2869
242 2215
242 3561
243 845
243 1043
243 1735
244 603
244 732
244 1527
244 3905
245 1478
245 2066
245 2548
245 3862
246 978
246 1242
246 1864
246 3693
247 1464
247 2018
247 2470
248 270
248 468
248 1304
248 2023
249 840
249 858
249 3668
250 1065
250 3137
251 1484
252 3881
252 3893
253 560
253 580
253 3321
253 3406
254 1119
254 1287
254 1459
254 2996
255 1414
255 3830
256 617
256 1534
256 2986
256 3696
257 636
257 3688
257 4008
258 297
258 664
258 1332
259 2330
259 2767
259 2780
259 3630
260 2102
260 2227
260 3990
261 1140
261 3217
261 3380
261 3701
262 538
262 1170
262 2035
262 3585
263 414
263 477
263 1816
264 974
264 3872
264 3968
265 427
265 1539
265 2420
266 1030
266 1519
266 1726
267 694
267 3395
267 3673
268 2401
268 3316
268 3628
268 3889
269 543
269 671
269 1866
270 1299
270 3845
271 2987
271 3078
272 1332
272 2307
272 2367
273 2037
273 2637
273 2981
274 340
274 1167
274 3501
275 729
275 973
275 3016
275 3894
276 632
276 724
276 2531
276 3308
277 502
277 1918
277 3928
278 670
278 1431
278 2678
279 1238
279 1741
279 1841
279 2326
280 1302
280 2472
280 3533
280 3596
281 304
281 2976
281 3169
281 3883
282 1744
282 2968
282 3123
282 3937
283 520
283 1230
283 3126
283 3958
284 2235
284 3823
284 3962
285 286
285 628
285 2166
286 475
286 2723
287 967
287 2045
287 2242
287 2810
288 319
288 1019
288 2829
289 986
289 3022
289 3464
290 1189
290 1916
291 459
291 693
291 1585
291 1647
292 2267
292 2384
292 2530
292 4009
293 314
293 725
293 903
293 1966
294 1076
294 1800
294 3397
294 4006
295 436
295 546
295 1842
295 3500
296 368
296 440
296 2801
296 3400
297 840
297 2951
297 3668
298 907
298 1325
298 3002
299 329
299 619
299 2534
299 2938
300 829
300 1758
300 1774
300 3259
301 1125
301 1283
301 1410
301 1767
302 706
302 904
302 1807
302 1878
303 1839
303 3223
303 3860
304 2247
304 3833
305 962
305 3304
305 3329
306 1175
306 1486
306 1610
306 2331
307 1166
307 1382
307 3554
308 1322
308 3185
309 357
309 2046
309 2816
309 3104
310 765
310 927
310 2335
310 3893
311 876
311 3648
311 3715
312 726
312 860
312 1375
312 1395
313 1309
313 2990
313 3595
314 1746
314 1782
315 1406
315 1658
315 3174
316 1653
316 1872
316 2641
316 3665
317 463
317 2989
317 3432
318 3049
318 3524
319 604
319 704
319 3719
320 1454
320 1530
320 1533
320 3462
321 519
321 1276
321 1637
321 2335
322 385
322 954
322 3040
323 721
323 1694
323 2983
323 3787
324 573
324 711
324 3983
325 852
325 2875
325 3960
326 492
326 731
326 1591
327 459
327 1182
327 1647
327 3081
328 1010
328 2331
328 2544
329 1141
329 3437
330 736
330 1923
331 349
331 1779
331 2052
331 2135
332 569
332 937
332 1568
332 1604
333 2917
333 3912
334 966
334 1521
334 3457
334 3731
335 2976
335 3660
335 3883
336 479
336 996
336 2483
336 3759
337 1154
337 1222
337 2394
337 2755
338 1384
338 1905
338 2575
339 392
339 1224
339 2660
339 3367
340 1953
340 2481
340 3658
341 2884
341 3095
341 3181
342 516
342 1717
342 2745
342 3444
343 1863
343 1922
343 2899
343 3033
344 1982
344 2833
344 3738
345 962
345 2009
346 1334
346 1770
346 2716
347 1350
347 2526
347 2741
347 2750
348 364
348 2736
349 1857
349 3351
350 1121
350 1758
350 2126
350 2133
351 357
351 1277
351 2329
351 2816
352 1650
352 2505
352 3001
353 502
353 517
353 1128
354 1252
354 2013
355 1913
355 3818
355 3973
355 3993
356 1095
357 1500
357 2489
358 1818
358 2393
358 2527
358 2886
359 1265
359 3518
359 3637
360 1355
360 1496
360 2008
360 2589
361 1695
361 2187
361 2819
361 3684
362 2139
362 3122
362 3771
363 431
363 990
363 2264
363 2368
364 1718
365 1686
365 2238
365 2580
366 3148
366 3397
367 1893
367 2817
367 3117
367 3718
368 706
368 1807
368 1948
369 503
369 1462
369 3006
369 3596
370 539
370 2562
370 3558
371 1219
371 3401
372 1981
372 2290
372 3048
372 3454
373 398
373 1271
373 2717
373 2851
374 1371
374 1582
374 3538
374 3816
375 2294
375 2502
375 3032
375 3961
376 1322
376 2349
376 2720
377 2612
377 2736
378 1516
378 2576
378 2969
378 3861
379 698
379 2577
379 3638
380 807
380 2853
381 1297
381 3030
381 3306
382 848
382 2276
383 418
383 2011
383 2458
384 788
384 877
384 1637
384 3669
385 2881
385 3904
386 1641
386 1948
386 2076
387 627
387 1698
387 2295
387 2634
388 963
388 2222
389 552
389 1061
389 1814
389 2121
390 1106
390 1902
390 2469
390 2851
391 1926
391 2557
391 3836
392 1853
392 2421
393 734
393 1200
393 2015
394 716
394 2395
394 3257
395 2029
395 2057
395 3236
395 3255
396 443
396 878
396 1744
397 1859
397 2711
397 3680
397 3933
398 1485
398 1635
399 977
399 1151
399 1810
400 2419
400 2467
400 3314
401 675
401 2320
401 2337
402 740
402 921
402 2229
402 2293
403 2416
403 2715
403 2796
403 3863
404 593
405 751
405 1833
405 3311
406 658
406 993
406 1831
406 2647
407 1232
407 1902
407 2006
407 2615
408 1397
408 1731
408 1823
408 2095
409 742
409 1622
409 2139
409 3122
410 1021
410 3568
410 3592
410 3644
411 574
411 3268
412 853
412 1177
412 1234
413 1395
413 1587
413 2218
413 2399
414 1419
414 1596
414 2334
415 802
415 2078
415 2682
415 2947
416 1500
416 2489
416 3200
416 3358
417 656
417 1844
417 2658
417 3725
418 566
418 2027
418 2516
419 2371
419 3238
419 3530
420 1646
420 2013
420 2654
421 428
421 742
421 2630
421 3093
422 928
422 1430
422 3041
422 3138
423 1036
423 2458
423 2568
423 2857
424 1845
424 3176
424 3512
425 878
425 2747
425 2997
426 1680
426 3834
426 4008
427 1125
427 1410
427 1491
428 1854
428 2520
428 3549
429 1251
429 3091
429 3469
429 3655
430 1417
430 2379
430 3041
431 1003
431 1172
431 2357
432 874
432 1576
432 2057
432 3236
433 1030
433 1519
433 1977
433 3216
434 701
434 800
434 980
434 1656
435 1499
435 1854
435 2520
435 3029
436 2279
436 2619
436 2822
437 456
437 1110
437 2739
437 3841
438 571
438 907
438 1618
438 3110
439 3450
440 2090
440 3284
441 681
441 1468
441 1555
441 3084
442 2585
442 3413
443 844
443 1447
443 2192
444 668
444 1045
444 3194
444 3548
445 1242
445 3693
445 3764
445 3995
446 1306
446 1310
446 1488
446 3066
447 2526
447 2741
447 3863
448 813
448 2413
448 2485
448 3751
449 1266
449 1484
449 1634
449 2690
450 1016
450 2404
450 2667
450 2677
451 3002
451 3782
452 799
452 920
452 3658
452 3833
453 2499
453 2679
453 2909
454 715
454 2598
454 2830
454 3404
455 756
455 1934
455 3684
456 1420
456 2096
456 3129
457 1867
457 2167
458 2167
458 2249
458 2617
458 2923
460 866
460 960
460 1593
460 2477
461 600
461 2623
461 3342
461 3623
462 1812
462 3183
462 3579
463 1837
463 3136
463 3379
464 495
464 633
464 1971
464 3784
465 2236
465 3624
466 706
466 932
466 1878
466 2752
467 2325
467 2493
467 3213
467 3936
468 2034
468 3845
469 884
469 2321
469 3060
470 1237
470 1532
470 1721
470 2400
471 708
471 1126
471 3879
472 1450
472 2188
472 2765
473 832
473 1997
473 3536
474 1764
474 1972
474 3276
474 4010
475 1160
475 1874
475 2705
476 3481
476 3642
476 3820
477 1358
477 1419
478 2217
478 3859
479 679
479 3356
479 3646
480 1439
480 3283
480 3447
481 1041
481 1105
481 1683
481 2566
482 2972
482 3065
482 3326
482 3502
483 3122
483 3771
484 823
484 864
484 2419
484 3314
485 492
485 512
485 1513
486 779
486 1519
486 1664
487 805
487 899
487 1731
487 2179
488 1580
488 2709
489 1440
489 2930
489 3021
489 3808
490 1081
490 1174
490 2590
490 3632
491 1727
491 1808
491 3154
491 3634
492 2889
492 3294
493 811
493 1461
493 2257
493 3365
494 1090
494 2695
494 3750
495 1600
495 2341
496 1537
496 2446
496 2591
497 2706
497 3020
498 1329
498 2831
498 3794
498 3815
499 1197
499 1369
499 1962
499 3511
500 707
500 2970
500 3962
501 2269
501 2390
501 2688
501 3753
502 2777
502 3959
503 2407
503 3835
503 3837
504 788
504 985
504 1107
504 1368
505 2689
505 3890
506 787
506 2005
506 3520
507 1518
507 2231
507 3964
508 682
508 1041
508 1105
508 3127
509 2323
509 2595
509 2827
510 2361
510 3109
510 3921
511 1662
511 2336
511 3504
511 3799
512 880
512 1319
513 588
513 660
513 1040
513 3057
514 1792
514 2837
515 690
515 1399
515 1486
515 3517
516 2147
516 3536
517 2576
517 2777
517 2969
518 1417
518 1542
518 2268
519 582
519 611
520 638
520 1497
521 873
521 1054
521 2353
522 2508
522 3006
522 3533
522 3596
523 699
523 1601
523 2659
523 3028
524 554
524 1556
524 2092
524 4000
525 632
525 1190
525 2531
525 3980
526 1052
526 1704
526 2267
526 2530
527 809
527 2542
527 2893
527 3005
528 556
528 595
528 1020
529 1520
529 1771
529 1837
529 3322
530 1426
530 1791
530 3167
530 3199
531 930
531 963
531 1255
532 893
532 1094
532 1158
532 2461
533 3334
533 3514
533 3804
534 1466
534 1915
534 2462
535 2635
535 2968
535 3123
536 1887
536 3030
536 3508
536 3965
537 2338
537 2628
537 3025
538 1781
538 1894
538 2867
539 1618
539 2232
539 3110
540 1961
540 2195
540 3190
541 750
541 3494
541 4013
542 1512
542 2914
543 2282
543 2644
543 2742
544 1050
544 1341
544 1387
544 1645
545 1822
545 3777
546 2279
546 3594
546 3838
547 2473
547 2837
547 3890
548 1808
548 3154
548 3491
549 1660
549 2106
549 2949
549 3885
550 971
550 3183
550 3487
551 1090
551 2256
551 3339
552 2166
552 2347
552 3488
553 1646
553 1674
553 2654
553 3300
554 3815
555 2365
555 2446
555 2581
555 2591
556 841
556 849
557 3827
558 818
558 2917
558 3177
558 3912
559 1120
559 1553
559 1924
559 3541
560 872
560 1111
560 3852
561 2171
561 3720
561 3947
562 949
562 2258
562 3195
562 3877
563 1745
563 2235
563 2529
563 3962
564 1121
564 1838
564 2126
564 2510
565 1528
565 2308
565 3371
565 3592
566 2011
566 3359
567 783
567 2666
567 3183
567 3579
568 3909
569 1150
569 1945
570 1871
570 2320
570 2337
570 3120
571 1067
572 1098
572 2749
572 3409
572 3896
573 2624
574 737
574 3639
574 3756
575 711
575 1375
575 3161
575 3772
576 774
576 1251
576 1943
576 3091
577 1518
577 1761
578 624
578 2289
578 2873
578 3584
579 1563
579 2873
579 3198
579 3584
580 1633
580 3852
581 1974
581 2394
581 3362
582 2335
582 3881
582 3893
583 2774
583 3465
583 3514
584 868
584 1070
584 1624
584 3050
585 1048
585 3578
585 3958
586 920
586 1084
586 2481
586 3658
587 1057
587 1436
587 1598
587 3635
588 3728
588 4003
589 872
589 1111
589 1392
589 3058
590 1173
590 1575
591 1058
591 2682
591 3629
592 1694
592 3108
592 3336
593 2499
593 2909
593 3544
594 1391
594 1888
594 1931
594 2545
595 920
595 1084
595 3131
596 1453
596 2842
596 3973
596 3993
597 1153
597 2546
597 3088
597 3460
598 996
598 1939
598 2765
599 2005
599 3117
599 3505
599 3520
600 2942
600 3195
601 664
601 720
601 1774
601 3259
602 1081
602 2282
602 2590
602 3263
603 2016
603 3871
604 2800
604 2829
605 952
605 1907
605 2081
606 831
606 1062
606 1332
606 2307
607 2258
607 2772
607 3195
607 3369
608 1123
608 1720
608 2168
608 3482
609 2451
609 2954
609 3492
610 1571
610 1839
610 2391
610 3223
611 2564
611 3786
611 3881
612 2124
612 2363
612 2599
613 1066
613 1743
613 2415
613 2748
614 1166
614 1382
614 2653
615 1137
615 2578
615 3243
616 2685
616 3151
617 729
617 1326
617 3337
618 981
618 2304
618 2940
618 3102
619 882
619 1819
619 2309
620 867
620 1542
620 2614
620 2649
621 941
621 1163
621 1367
621 2135
622 1095
622 2119
622 2211
623 1157
623 2899
623 3033
623 3732
624 1133
624 1724
624 2373
625 1104
625 1995
625 2328
625 2943
626 1270
626 3782
626 3875
627 1131
627 2259
628 2059
628 2537
628 3071
629 1529
629 1964
629 2204
629 3160
630 812
630 2105
630 2234
630 3178
631 957
631 2281
631 2982
631 3690
632 2757
633 2341
633 2700
633 3055
634 958
634 1875
634 2980
635 1217
635 3956
636 645
636 2280
636 2284
637 1759
637 2031
637 3692
638 1403
638 3578
638 3958
639 1443
639 4012
640 2098
640 2866
640 3244
641 680
641 1591
641 2704
641 3914
642 949
642 3111
643 2054
643 2198
643 3422
643 3777
644 1478
644 2066
644 3415
644 3426
645 2853
646 1261
646 2365
646 2581
646 2651
647 1059
647 1797
647 1951
648 1010
648 1362
648 3501
649 2766
649 3049
649 3713
650 1044
650 1516
650 2878
651 2845
651 3163
651 3775
652 2346
652 2753
652 3917
653 1806
653 2063
653 3772
654 3030
654 3477
654 3965
655 767
655 2937
655 3068
656 2190
656 2262
656 3079
657 1063
657 1194
657 2773
657 3308
658 790
658 2038
658 2437
659 733
659 1836
659 3214
660 2084
660 3728
660 3758
661 1544
661 2208
661 2316
661 2955
662 1496
662 1550
662 1825
662 2452
663 797
663 1514
663 2600
664 840
664 2593
665 1494
665 2396
665 2484
665 3757
666 884
666 1405
666 2321
666 3232
667 706
667 1641
667 1948
667 2752
668 1571
668 2391
668 3273
669 1124
669 1667
669 2999
669 3892
670 703
670 1869
670 2532
671 895
671 2975
671 3516
672 1888
672 2157
672 3243
673 788
673 1368
673 3105
673 3669
674 1515
674 3277
675 946
675 1483
675 2618
676 838
676 1821
676 2359
676 3531
677 1733
677 2844
677 3599
677 3888
678 2696
678 3155
678 3620
679 2438
679 2483
679 2864
680 1548
680 1930
681 1690
681 1756
681 3974
682 2916
683 805
683 899
683 1707
683 3060
684 745
684 1673
685 2972
685 2977
685 3561
686 1428
686 1476
686 1763
686 1954
687 1070
687 2457
687 3323
688 1655
688 1877
688 1891
688 3082
689 2274
689 2891
689 3156
689 3493
690 1180
690 2601
690 3340
691 1021
691 1674
691 3300
691 3568
692 794
692 1709
692 3946
693 2860
693 3245
694 1298
694 1429
694 3007
695 818
695 3094
695 3201
696 1958
696 2666
696 3325
697 2642
698 1317
698 2776
699 2032
700 933
700 1114
700 3299
700 3853
701 2055
701 3370
701 3423
702 771
702 2564
702 2662
702 3055
703 708
703 2176
704 2047
704 2081
704 2800
705 932
705 2752
705 3258
707 1603
707 2447
708 1787
709 1090
709 1536
709 2256
709 2967
710 1398
710 2929
710 3575
710 3643
711 2960
712 2543
712 2551
712 3090
713 1065
714 915
714 2874
715 999
715 2248
716 3545
716 3984
716 3986
717 919
717 2554
717 2962
718 1018
718 1109
718 2442
718 3878
719 1121
719 1838
719 2896
719 3552
720 840
720 1164
721 1245
721 3599
721 3888
722 1784
722 2786
722 2946
722 3170
723 863
723 1047
723 2194
724 1547
724 1796
724 2757
725 1713
726 1978
726 2960
727 3119
727 3291
727 3818
727 3993
728 827
728 1607
728 2457
728 3586
729 2986
729 3130
730 1527
730 2389
730 3905
731 1930
731 2775
731 3294
732 2727
732 3871
732 3911
733 839
733 3792
734 1801
734 3809
735 1442
735 2596
735 3186
735 3226
736 1023
736 1903
737 739
737 3038
737 3929
738 1120
738 2949
738 3475
738 3885
739 3100
739 3756
740 2519
740 3517
741 894
741 1828
741 2509
742 2936
743 919
743 1818
743 2962
744 2564
744 2662
745 1261
745 2581
746 1804
746 3823
747 1114
747 1253
748 2160
748 2978
748 3712
748 4002
749 2494
750 2039
750 2383
750 3102
751 1848
751 2888
751 3970
752 1344
752 3720
752 3947
753 1862
753 2340
753 3143
754 1778
754 2497
754 3011
754 3761
755 975
755 994
755 2240
756 1069
756 3015
756 3848
757 1301
757 1559
757 2490
757 3315
758 898
758 2670
758 3139
758 3341
759 2875
759 3828
759 4007
760 812
760 2543
760 2988
760 3191
761 1099
761 2046
761 2191
761 3104
762 2028
762 2099
762 2351
763 2123
763 2224
763 3210
763 3472
764 1680
764 2823
764 3834
765 1656
765 1979
765 2555
766 1592
766 2928
766 3144
766 3157
767 796
767 2246
768 886
768 2718
768 3589
768 3913
769 2052
769 3506
770 1805
770 2922
771 1046
771 2319
772 937
772 1434
772 1568
773 1079
773 1470
773 2283
773 2494
774 787
774 1179
775 940
775 2130
775 2430
775 3621
776 2094
776 2448
776 2674
776 2957
777 1697
777 1861
777 2221
777 2838
778 1341
778 1387
778 3070
778 3446
779 2648
779 2750
780 1982
780 3173
781 1414
781 3176
782 1227
782 2044
782 3280
783 1365
783 1762
783 2893
784 1051
784 1907
784 3140
784 3370
785 1337
785 1950
785 2100
785 2490
786 1150
786 3442
786 3827
787 1943
787 2425
788 3864
789 806
789 3942
790 993
790 2934
791 2450
791 2912
791 3125
791 3224
792 1441
792 1711
792 2153
792 3398
793 1173
793 2181
793 3647
794 2599
794 3897
795 869
795 2479
796 825
796 3392
797 2160
797 3303
797 3534
798 1042
798 2952
798 3526
799 2254
799 2715
800 952
800 2200
800 3352
801 976
801 1838
801 2236
801 2510
802 1803
802 3590
802 3740
803 3010
803 3317
803 3472
804 3871
804 3911
805 1521
805 2732
806 1700
806 1776
807 2146
807 2207
807 3100
808 817
808 1716
808 2404
808 2677
809 1044
809 1516
809 2065
810 1390
810 2685
810 3151
810 3824
811 1641
811 2752
812 926
812 3700
813 2098
813 3244
814 1427
814 1573
814 1642
814 3789
815 1474
815 2076
815 3791
816 1752
816 2038
816 2437
816 3496
817 915
817 3417
818 2410
818 2994
819 2048
819 2243
819 3233
820 2470
821 1607
821 2457
821 3969
822 898
822 3139
823 2468
823 3077
823 3378
824 1748
824 2617
824 2923
824 3570
825 862
825 3858
826 1247
826 2188
827 1311
827 2620
828 1476
828 2895
829 1892
829 3994
830 2013
830 3922
831 1960
831 2593
832 1588
832 3037
833 1961
833 3190
834 1268
834 1785
834 2966
835 1754
835 2966
835 3519
836 2933
836 3629
837 2163
837 2903
838 994
838 2240
838 3810
839 869
839 2072
839 2479
841 1020
841 1175
841 3802
842 2744
842 3144
842 3636
843 1804
843 2514
843 3865
844 1744
844 3937
845 999
845 2314
845 3631
846 1370
846 2050
846 3261
846 3344
847 2280
848 1153
848 2213
848 3449
849 3458
849 3708
849 3802
850 2691
850 3193
851 1440
851 2216
851 2222
851 2930
852 1154
852 2613
852 2755
853 2049
853 3651
854 1531
854 2061
854 2238
854 2348
855 1432
855 1682
855 1884
855 3929
856 2590
856 3632
856 3633
857 1409
857 1422
857 1487
857 3274
858 1146
858 3298
859 1605
859 1654
859 2804
860 2988
860 3191
861 1308
861 1455
861 2363
861 2599
862 2560
862 3971
863 1129
863 3703
863 3919
864 2592
864 3378
864 3842
865 1232
865 1653
865 1872
865 2006
866 2215
866 3561
867 1541
867 1638
868 1050
868 1645
869 2970
869 3608
870 1899
870 2568
870 2857
871 1775
871 2704
871 3509
871 3659
872 3090
873 1836
873 3046
873 3214
874 1780
874 1967
875 2365
875 2591
875 3355
876 3113
876 3231
877 1353
877 1919
877 3864
878 1218
878 1659
879 1076
879 2066
879 2548
879 2761
880 1513
880 1775
880 3344
881 1324
881 3103
882 1206
882 1595
882 1881
883 948
883 1425
883 3295
884 3253
885 1102
885 2714
885 3687
886 1258
886 2941
886 3286
887 1795
887 2024
887 3613
888 2173
888 2447
888 2614
888 2649
889 1835
889 2028
889 2099
889 2764
890 2168
890 2839
890 2854
890 3445
891 1650
891 2082
891 3063
892 1577
892 1599
892 2730
893 2058
893 2154
893 2343
894 1163
894 1833
895 1866
895 2517
896 1301
896 2560
896 3068
897 3143
898 1326
898 3337
899 1466
899 3253
900 1052
900 2459
900 2733
900 3755
901 1677
901 2259
901 2718
901 3454
902 2583
902 2758
902 3375
902 3562
903 1373
903 1652
903 1782
904 2228
904 2834
905 2130
905 2430
905 2855
905 3611
906 1074
906 1470
906 1639
906 2283
907 1067
907 1192
908 927
908 1501
908 2771
908 3649
909 2558
909 2963
909 3938
910 1087
910 1124
910 1468
911 1993
911 3349
911 3648
911 3715
912 1035
912 2029
912 2057
912 2719
913 1302
913 1379
913 2472
913 3902
914 2334
914 2617
914 3085
914 3570
915 2404
915 3075
916 1858
916 1891
916 3082
916 3335
917 2199
917 3498
917 3817
918 1873
918 3031
919 1029
919 3537
920 2939
921 2519
921 2818
921 3178
922 1214
922 1246
922 1339
923 1005
923 1426
923 3199
923 3515
924 1921
924 2412
924 2512
924 2910
925 1960
925 2020
925 2090
925 3867
926 2105
926 2543
927 2555
928 2352
928 3943
928 3992
929 1718
929 1932
929 2807
930 1365
930 1699
930 1762
931 1120
931 1553
931 1947
931 2949
932 2131
932 2151
933 3839
933 3868
934 1260
934 2133
934 2147
935 3023
935 3674
935 3721
935 3850
936 2480
936 2625
936 2823
936 3553
937 1945
937 3414
938 2439
938 2781
938 2789
938 3475
939 2355
939 2616
939 3334
939 3804
940 2973
940 3149
940 3354
941 3281
941 3970
942 2073
942 2478
942 2533
943 3307
943 3489
943 3741
944 1288
944 2445
944 2907
945 1122
945 3287
946 1117
946 2327
946 3288
947 2795
947 3651
947 3710
948 1284
948 1358
949 1692
949 3928
950 1698
950 2528
950 3415
950 3426
951 1133
951 2373
951 2450
951 3125
952 980
952 2202
953 1086
953 1344
953 2069
953 3720
954 1577
954 1925
954 3904
955 1069
955 1504
955 1952
955 3015
956 1375
956 2063
956 3772
957 3222
958 1668
958 2656
958 2694
959 1949
959 2779
959 3227
960 2226
960 2803
961 1830
961 2169
961 2324
961 3353
962 2733
962 3755
963 1592
963 3811
964 1037
964 1236
964 3991
965 1123
965 2708
965 3482
965 3851
966 1198
966 1625
966 3682
967 1296
967 3404
967 3987
968 2473
968 2858
968 3662
968 3890
969 2906
969 3167
969 3199
969 3733
970 1149
970 2314
970 2760
970 3631
971 2196
971 2534
971 3389
972 1809
972 2582
973 1720
973 1751
973 2986
974 1879
974 2889
974 3847
975 3311
975 3330
976 1919
976 3864
977 1890
977 3376
978 1338
978 1361
978 3813
979 2160
979 2186
979 2978
979 3303
980 3370
981 1579
982 1195
982 1248
982 2266
982 3435
983 1416
983 1567
983 1675
983 3302
984 2141
984 3575
984 3950
985 2408
985 3864
986 2655
986 2798
986 2865
987 1920
987 2731
988 2701
988 3296
988 3407
988 3567
989 1817
989 3722
990 3955
990 3966
991 1232
991 1653
991 1877
991 2946
992 1253
992 1512
992 3433
993 2070
993 2296
994 1821
994 1852
995 1241
995 1701
995 3318
995 3654
996 3014
996 3963
997 1263
997 2235
997 2529
997 3292
998 1225
998 2064
998 2122
998 2339
999 1296
999 3404
1000 1777
1000 2559
1000 3964
1001 1057
1001 1456
1001 1557
1001 3635
1002 1689
1002 2701
1002 3088
1002 3460
1003 2368
1003 2525
1004 2399
1004 2802
1004 3020
1005 2580
1005 3074
1006 1887
1006 2044
1006 3280
1006 3965
1007 1964
1007 2204
1007 3341
1007 3696
1008 2195
1008 3193
1008 3574
1009 1340
1009 2496
1010 3247
1011 2101
1011 2276
1011 3401
1012 1361
1012 1544
1012 2208
1012 3360
1013 3276
1013 4010
1014 1187
1014 3149
1015 1498
1015 3321
1015 3406
1016 2340
1016 2944
1016 3143
1017 1197
1017 1524
1017 1890
1017 3511
1018 3382
1019 3719
1019 3788
1019 3950
1020 1084
1020 3672
1021 1805
1021 2922
1022 2282
1022 2644
1022 3263
1023 1204
1023 1404
1023 1923
1024 1838
1024 2236
1024 2896
1024 3624
1025 1969
1025 2892
1025 3581
1026 2260
1026 3064
1026 3981
1027 1524
1027 1743
1027 2241
1027 2415
1028 1847
1028 1959
1028 3503
1029 1183
1029 3767
1030 1327
1030 1444
1031 1100
1031 1959
1031 3277
1032 1138
1032 1147
1032 1599
1032 2381
1033 1561
1033 3098
1033 3158
1033 3803
1034 1477
1034 3394
1034 3874
1035 2879
1035 3677
1036 2003
1036 2301
1036 2908
1037 1213
1037 1909
1037 3416
1038 2689
1038 3283
1038 3662
1038 3890
1039 2426
1039 2924
1039 3597
1039 3901
1040 3266
1040 3910
1041 1382
1041 2653
1042 1761
1042 1850
1043 2619
1043 2822
1044 1640
1044 2542
1045 1709
1045 3273
1045 3946
1046 2662
1046 2693
1047 2637
1047 3221
1047 3313
1048 1685
1048 2139
1048 2378
1049 1214
1049 1643
1049 2143
1050 2474
1050 3050
1051 2270
1051 3695
1052 2209
1052 3421
1053 1839
1053 2391
1053 3184
1054 2577
1054 3638
1055 1522
1055 2911
1055 3914
1056 1295
1056 1412
1056 2067
1056 3394
1057 1428
1057 1763
1058 2772
1058 3369
1058 3513
1059 3116
1060 1097
1060 1394
1060 2586
1060 3602
1061 2347
1061 2954
1062 1960
1062 2090
1062 3284
1063 1100
1064 2251
1065 3297
1065 3333
1066 1479
1066 2116
1066 3486
1067 2607
1068 1263
1068 3359
1069 1324
1070 2620
1070 3239
1071 1952
1071 2707
1071 3032
1071 3961
1072 3372
1072 3396
1072 3799
1073 1224
1073 2660
1073 3617
1074 1679
1074 2331
1074 2544
1075 1084
1075 2481
1075 3247
1075 3672
1076 1957
1077 2820
1077 3816
1078 2575
1078 2747
1079 1454
1079 1667
1079 2999
1080 2084
1080 3690
1080 3758
1081 3710
1082 1412
1082 1865
1082 2556
1082 3730
1083 1405
1083 3232
1083 3450
1083 3917
1085 1985
1085 2583
1085 2776
1085 3375
1086 1113
1086 1400
1086 2315
1087 2584
1087 3812
1089 1305
1089 2527
1089 2642
1089 2886
1090 3984
1091 1427
1091 1914
1091 2322
1092 2495
1092 2643
1092 3134
1092 3949
1093 1303
1093 1552
1093 2017
1093 3901
1094 2154
1094 3577
1095 1797
1095 2244
1096 1303
1096 2017
1096 3320
1097 1779
1097 2052
1097 3506
1098 2150
1098 2291
1098 3228
1099 1458
1099 2845
1099 3373
1100 1287
1100 3448
1101 1720
1101 1751
1101 2854
1102 2036
1102 3502
1102 3795
1103 1994
1103 3598
1103 3679
1104 1448
1104 2383
1104 3424
1105 2077
1106 1181
1106 1278
1106 3205
1107 2408
1107 2565
1108 1899
1108 2568
1108 2920
1109 1473
1109 3382
1110 2012
1110 2096
1110 3745
1111 3406
1112 1280
1112 1580
1112 2627
1112 3471
1113 1506
1113 1846
1113 2995
1114 2692
1114 3868
1115 2449
1115 2676
1116 1474
1116 2943
1116 2951
1116 3791
1117 1630
1118 2001
1118 2106
1119 1920
1119 2515
1120 3610
1122 1159
1122 2809
1123 1323
1123 3754
1124 3179
1124 3812
1125 1942
1125 2354
1126 1787
1126 3737
1127 2269
1127 2390
1127 2545
1128 2488
1128 3959
1128 3967
1129 2382
1129 2852
1130 1730
1130 2323
1130 2827
1130 2859
1131 1152
1131 3525
1131 3743
1132 2756
1132 2808
1132 3540
1133 1337
1134 2338
1134 3025
1134 3605
1135 2475
1135 2610
1135 3381
1135 3609
1136 2811
1136 3557
1136 3766
1137 1223
1137 1463
1137 3413
1138 1267
1138 3832
1138 3998
1139 2446
1139 2581
1139 2785
1140 1461
1140 1788
1141 2664
1141 2929
1141 3643
1142 1190
1142 2794
1142 3053
1142 3980
1143 2640
1143 2791
1143 3069
1144 1728
1144 3004
1144 3022
1144 3670
1145 1222
1145 1739
1145 2197
1145 2394
1146 1881
1146 2328
1146 3668
1147 1267
1147 3452
1147 3944
1148 1474
1148 3701
1149 1277
1149 2375
1150 1604
1151 1418
1151 2241
1151 2275
1152 2405
1152 3048
1152 3691
1153 2561
1153 3391
1154 2687
1154 2728
1155 1228
1155 1613
1155 2220
1155 2539
1156 3137
1156 3338
1156 3431
1157 2549
1157 3650
1157 3790
1158 1427
1158 2322
1158 3577
1159 1695
1159 2187
1159 2427
1160 1989
1160 2500
1160 2768
1161 2413
1161 2771
1161 3476
1161 3649
1162 1736
1162 1786
1162 2906
1162 3666
1163 1790
1163 3970
1164 3259
1164 3552
1164 3800
1165 2963
1165 3493
1167 1303
1167 1953
1167 3320
1168 1782
1168 1956
1168 3241
1169 1934
1169 2058
1169 2343
1170 1236
1170 1781
1171 2255
1171 3094
1172 2288
1172 2785
1173 3168
1174 2083
1174 3710
1175 1180
1175 3672
1176 2672
1176 2809
1176 3439
1177 1993
1177 3008
1177 3715
1178 1561
1178 3077
1178 3158
1179 1251
1179 2616
1179 2897
1180 1486
1180 3802
1181 2019
1181 2469
1181 3989
1182 3131
1183 1607
1183 3586
1184 3115
1184 3149
1185 2058
1185 2154
1185 2427
1186 1244
1186 1722
1186 2794
1186 3053
1187 1215
1187 3429
1187 3621
1188 1903
1188 3843
1188 3870
1189 3553
1190 3225
1191 1932
1191 2847
1192 1618
1192 3002
1192 3782
1193 1247
1193 2703
1194 1547
1194 3977
1195 2412
1195 3483
1196 2392
1196 2985
1196 3869
1197 3900
1197 4009
1198 3457
1198 3693
1198 3764
1199 2180
1199 2315
1199 3383
1199 3796
1200 3937
1201 2060
1201 3850
1201 4005
1202 1239
1202 1751
1202 2854
1202 3861
1203 1830
1203 2169
1203 3153
1203 3505
1204 1903
1204 3411
1205 1350
1205 2251
1205 2526
1205 3215
1206 1448
1206 2309
1206 3424
1207 2492
1207 3295
1207 3317
1208 3200
1208 3239
1208 3594
1208 3734
1209 2820
1209 3151
1210 1614
1210 2103
1210 2350
1210 2663
1211 1264
1211 1396
1211 2683
1212 1249
1212 2451
1212 2743
1212 2954
1213 1493
1213 2002
1213 3270
1215 2341
1215 2700
1215 3657
1216 1622
1216 3122
1216 3240
1216 3922
1217 2807
1217 3164
1218 1744
1218 3123
1219 2336
1219 3372
1219 3799
1220 2262
1220 3079
1221 2075
1221 3515
1221 3714
1222 1913
1222 3973
1223 1584
1223 3027
1225 2020
1225 3867
1226 2369
1226 3296
1226 3407
1227 2435
1227 2712
1227 3712
1228 2976
1228 3346
1229 1710
1229 3351
1229 3602
1229 3999
1230 1252
1230 3771
1231 1760
1231 2101
1231 3401
1232 3310
1233 1697
1233 1861
1234 2049
1234 2206
1234 3008
1235 2137
1235 2348
1236 1318
1236 1909
1238 1608
1238 1974
1239 1938
1239 2043
1239 2501
1240 1275
1240 1359
1240 1430
1241 2688
1241 3148
1241 3216
1242 1361
1242 3360
1243 1999
1243 3608
1243 3879
1244 1562
1244 3379
1245 1694
1245 3218
1246 1309
1246 3860
1247 1886
1247 3805
1248 2442
1248 3260
1248 3878
1249 1814
1249 2070
1249 2296
1250 2223
1250 2272
1251 3003
1252 2277
1252 3126
1253 1757
1253 3868
1254 1711
1254 3007
1254 3248
1254 3398
1255 3145
1255 3811
1256 1697
1256 2572
1257 1783
1257 2195
1257 2487
1257 3190
1258 2290
1258 2718
1258 3454
1259 2067
1259 3147
1259 3394
1260 1867
1260 1892
1260 3994
1261 1673
1261 2811
1262 2436
1262 2933
1262 3366
1263 2027
1263 3319
1264 1722
1264 3053
1264 3079
1265 1661
1265 1949
1266 1882
1266 1883
1267 2887
1268 1530
1268 1619
1268 2506
1269 1402
1269 1968
1269 1998
1269 2561
1270 2945
1270 2973
1270 3354
1271 3254
1272 1675
1272 3302
1272 3323
1272 3969
1273 1435
1273 2051
1273 2117
1273 3249
1274 1702
1274 3542
1275 1389
1275 2710
1276 1353
1276 3427
1277 2314
1277 2822
1278 1902
1278 2615
1278 3882
1279 2787
1279 3176
1279 3512
1280 2737
1280 3904
1281 2377
1281 2417
1281 3246
1281 3783
1282 1895
1282 2883
1282 3156
1282 3493
1283 2942
1283 3111
1283 3877
1284 1425
1284 2021
1284 3542
1285 1456
1285 1557
1285 2819
1285 3684
1286 2184
1286 2797
1286 3807
1286 3887
1287 3277
1288 3743
1289 1629
1289 2049
1289 2206
1289 3832
1290 1468
1290 1555
1290 2674
1290 3892
1291 1565
1291 2948
1291 3978
1292 2672
1292 3439
1292 3716
1293 2005
1293 2169
1293 2588
1293 3505
1294 1852
1294 2945
1294 3354
1295 2841
1295 3829
1296 2242
1296 3631
1297 1538
1297 1612
1297 2958
1298 3452
1298 3673
1299 2023
1300 1606
1300 2418
1300 2833
1300 3412
1301 1574
1301 3331
1302 2118
1303 3501
1304 1348
1304 3986
1305 1803
1305 1820
1305 3590
1306 1498
1306 2518
1306 3321
1307 1518
1307 1777
1307 3964
1308 2774
1308 2862
1309 1911
1309 3451
1310 1424
1310 3234
1311 1678
1311 3947
1312 1617
1312 2720
1312 3185
1313 1449
1313 2904
1313 3221
1313 3313
1314 1473
1314 3368
1315 1583
1315 1586
1315 1594
1315 2632
1316 2744
1316 3636
1316 3939
1317 3138
1317 3638
1318 1480
1318 1781
1318 3474
1319 1591
1319 1775
1319 2704
1320 1350
1320 2977
1320 3215
1321 2962
1322 2313
1322 3663
1323 3121
1323 3615
1323 3851
1324 2441
1324 3848
1325 2671
1325 3485
1325 3522
1326 3696
1327 1726
1327 2761
1328 1647
1328 3169
1329 1857
1329 1858
1329 2569
1330 3348
1330 3406
1330 3822
1331 2480
1331 2823
1331 3706
1331 3834
1332 2593
1333 2738
1333 3378
1333 3842
1334 1455
1334 2363
1334 3775
1335 1747
1335 2924
1336 1606
1336 2418
1336 3362
1336 3456
1337 2450
1337 2740
1338 1875
1338 2471
1338 2574
1339 3595
1340 2386
1340 3512
1341 1460
1341 2474
1342 1937
1342 2122
1342 2142
1342 2727
1343 2253
1343 2594
1343 3662
1344 1400
1344 3768
1345 2676
1345 2931
1345 3189
1346 1759
1346 2281
1347 1598
1347 1616
1347 2609
1347 2876
1348 1834
1348 2023
1348 3405
1349 1754
1349 2177
1349 3066
1350 1980
1351 1502
1351 1912
1351 2702
1352 1991
1352 3084
1352 3674
1352 3721
1353 1637
1354 2120
1354 2782
1354 2920
1354 3920
1355 2137
1355 3043
1356 1371
1356 1374
1356 3538
1357 3261
1357 3304
1357 3685
1358 1816
1358 3357
1359 2353
1359 3849
1360 1900
1360 1981
1360 2405
1360 3048
1361 2471
1362 1552
1362 2056
1363 2167
1363 2923
1363 3037
1364 1682
1364 3038
1364 3929
1365 1958
1365 2666
1366 2465
1366 2763
1366 3056
1366 3309
1367 2004
1367 3281
1368 1609
1369 2267
1369 3884
1369 4009
1370 1417
1370 2379
1370 3204
1371 1465
1371 2571
1372 1806
1372 2601
1372 3340
1373 1868
1373 3024
1374 3242
1374 3567
1374 3979
1375 2960
1376 2805
1376 3054
1376 3269
1376 3442
1377 2108
1377 2776
1377 3076
1377 3375
1378 1381
1378 1658
1378 3746
1379 1975
1379 2540
1380 2170
1380 2182
1380 3285
1380 3473
1381 2260
1381 3652
1382 3127
1383 1529
1383 1870
1383 1964
1383 2454
1384 2030
1384 3627
1385 1446
1385 2409
1386 1983
1386 3524
1386 3953
1387 1567
1387 1675
1388 1423
1388 3118
1389 1542
1389 2614
1390 2497
1390 2967
1390 3011
1391 2840
1391 3165
1392 2556
1392 3090
1392 3730
1393 1906
1393 3112
1393 3121
1393 3615
1394 2374
1394 3345
1394 3506
1395 1978
1395 2988
1396 2769
1396 3628
1396 3889
1397 1973
1397 2261
1398 1940
1398 2134
1398 3676
1399 1639
1399 2283
1400 1846
1400 3653
1401 2093
1401 2365
1401 2651
1401 3355
1402 2701
1402 3088
1402 3296
1403 1497
1403 2919
1403 3293
1404 2594
1406 2655
1406 2798
1406 3430
1407 1502
1407 1508
1407 1706
1408 2794
1408 2884
1408 3181
1408 3980
1409 2741
1409 2750
1410 2420
1410 3111
1411 1449
1412 2453
1412 3829
1413 2416
1413 3162
1413 3898
1414 1895
1414 2883
1415 1507
1415 2025
1415 3091
1415 3469
1416 2623
1416 3388
1416 3623
1417 3509
1418 1810
1418 3154
1418 3634
1419 3295
1420 2189
1420 2214
1420 2770
1421 1429
1421 3332
1421 3495
1422 2082
1422 2813
1422 3162
1423 2705
1423 3213
1424 2175
1424 2177
1425 3673
1426 2956
1426 3074
1427 2461
1428 1598
1428 2876
1429 3395
1429 3762
1430 2710
1430 3849
1431 2532
1431 3062
1432 2478
1432 3098
1432 3639
1433 1836
1433 2479
1433 3737
1434 3089
1434 3414
1434 3572
1435 1778
1435 2395
1435 2497
1436 1727
1436 1855
1436 3634
1437 2201
1437 2288
1437 2785
1438 1618
1438 2232
1438 3782
1438 3875
1439 3319
1439 3324
1440 3366
1441 1993
1441 3008
1442 1553
1442 1947
1442 2308
1443 2109
1443 3617
1444 3148
1444 3216
1445 1555
1445 1991
1445 3084
1446 1497
1446 2495
1446 3134
1447 3598
1447 3679
1448 3494
1448 3856
1449 3376
1449 3906
1450 3260
1450 3985
1451 1916
1451 2150
1451 3228
1451 3262
1452 3285
1452 3749
1453 2197
1453 3109
1453 3235
1454 1517
1454 2494
1455 2636
1455 2862
1456 2441
1456 3848
1457 1571
1457 3223
1458 2191
1458 3807
1459 3977
1460 1817
1460 2214
1460 3070
1461 3120
1462 2118
1462 2407
1462 3604
1463 1584
1463 3618
1464 2223
1464 2422
1464 3625
1465 3816
1466 2179
1466 3290
1467 2119
1467 2697
1467 3266
1468 1756
1469 1856
1469 2140
1469 2870
1469 3787
1470 1679
1470 2999
1471 2684
1471 2792
1471 2821
1472 2605
1472 2778
1472 2856
1472 3381
1473 2442
1474 3641
1475 3030
1475 3306
1475 3374
1475 3508
1476 2230
1476 3470
1477 2411
1477 2884
1477 3095
1478 2505
1478 3692
1479 2778
1479 3381
1479 3609
1480 1909
1480 1924
1480 3541
1481 1913
1481 2875
1481 3818
1481 3828
1482 1514
1482 1826
1482 2600
1482 2877
1483 1579
1483 3288
1484 3616
1485 1512
1485 2717
1485 3433
1486 1639
1487 2741
1487 2796
1487 3162
1488 1498
1488 3206
1488 3234
1489 1873
1489 2172
1489 3926
1490 2817
1490 3117
1490 3153
1490 3505
1491 1539
1491 1942
1491 3907
1492 1589
1492 2345
1492 2775
1492 3417
1493 1611
1493 2439
1494 2626
1494 2979
1495 1857
1495 2004
1495 2569
1496 2952
1496 3614
1498 3793
1499 1851
1499 1860
1499 2763
1500 3036
1501 2555
1501 3307
1501 3741
1502 2628
1502 3025
1503 2042
1503 3836
1503 4011
1504 1648
1504 2631
1505 1648
1505 2631
1505 3184
1505 3846
1506 2315
1506 3383
1506 3420
1507 2169
1507 2588
1507 3353
1508 2087
1508 3562
1508 3694
1509 2317
1509 2950
1509 3141
1510 1663
1510 2440
1510 2840
1510 3165
1511 2333
1511 3012
1511 3463
1512 2205
1513 1632
1513 3237
1514 2233
1514 2713
1515 1843
1515 2996
1516 2043
1517 1667
1517 2957
1517 3462
1518 3797
1520 2191
1520 3104
1520 3385
1521 1707
1521 3682
1522 1548
1522 2424
1522 3711
1523 2493
1523 2991
1523 3078
1523 3726
1524 3900
1525 1811
1525 3429
1526 1750
1526 1767
1526 3342
1526 3600
1527 2498
1528 2152
1528 3474
1528 3704
1529 2031
1530 1785
1530 3086
1531 2075
1531 3714
1532 1815
1532 2504
1532 2697
1533 1785
1533 2494
1534 3576
1535 2496
1535 2721
1535 3453
1536 2815
1536 3984
1537 3687
1537 3955
1537 3966
1538 2992
1539 2626
1539 2979
1540 1735
1540 1842
1540 3403
1540 3523
1541 2385
1541 2780
1541 3630
1543 2054
1543 2198
1543 3543
1543 3633
1544 2471
1545 2913
1545 2991
1545 3726
1545 3886
1546 2116
1546 2384
1546 3900
1546 4009
1547 3308
1547 3667
1548 1955
1548 3914
1549 2378
1549 2448
1549 3093
1550 3592
1550 3644
1551 1659
1551 3263
1551 3543
1552 2563
1552 3501
1553 3704
1554 3019
1554 3847
1555 1936
1556 2492
1556 2843
1556 3317
1557 3716
1558 1815
1558 1889
1558 2504
1558 3664
1559 3347
1559 3640
1560 1753
1560 1939
1560 1963
1561 1884
1561 2433
1562 2794
1562 3181
1562 3432
1563 1673
1563 2811
1563 3557
1564 2521
1564 3255
1565 2150
1565 2291
1566 2241
1566 2275
1566 2415
1566 3591
1567 2623
1567 3446
1568 1680
1568 1904
1569 1696
1569 2416
1569 2522
1569 3898
1570 2979
1570 3039
1570 3982
1571 3194
1572 1718
1572 2807
1572 3164
1573 2174
1573 2402
1574 1950
1574 2490
1574 2560
1575 1830
1575 3153
1576 1780
1576 3141
1577 2627
1577 2836
1578 2031
1578 2505
1578 3001
1578 3692
1579 2618
1579 2940
1580 1702
1580 1832
1581 2345
1581 2669
1581 2775
1581 3294
1582 2511
1583 2364
1583 2596
1583 3226
1584 2093
1584 3072
1585 1657
1585 2860
1586 2097
1586 2596
1586 2885
1587 2543
1587 2551
1587 2988
1588 1997
1588 2374
1588 2691
1589 2657
1589 2762
1589 3075
1590 2361
1590 2787
1590 3109
1593 3215
1594 2885
1594 3011
1594 3761
1595 1819
1595 3298
1595 3438
1596 3210
1596 3472
1597 1704
1597 2265
1597 2267
1597 3884
1598 1855
1599 2836
1600 1609
1600 1811
1600 3429
1601 1661
1601 1760
1602 2184
1602 2769
1602 3628
1603 2514
1603 2622
1604 1680
1605 1752
1605 2521
1605 3496
1606 2687
1606 2728
1607 2078
1608 2104
1608 2326
1608 3386
1609 2487
1609 3105
1610 3247
1610 3672
1611 2002
1611 2146
1611 3497
1612 2992
1612 3981
1613 3346
1613 3600
1613 3841
1614 1755
1614 2074
1614 3709
1615 3137
1615 3571
1616 1855
1616 2904
1616 3313
1617 3348
1617 3822
1619 2177
1619 2966
1620 2180
1620 2650
1620 2998
1620 3163
1621 1648
1621 2285
1621 3103
1622 2306
1622 2936
1623 2751
1623 3520
1624 3239
1624 3594
1625 1864
1625 3693
1626 2107
1626 2524
1626 3089
1627 2372
1627 2877
1627 3172
1627 3411
1628 2863
1628 3942
1629 2287
1629 3516
1629 3927
1630 1863
1630 2337
1630 3033
1631 1752
1631 2038
1631 2719
1632 3685
1632 3872
1633 2105
1633 2234
1633 3182
1634 2918
1635 2469
1635 2851
1636 1899
1636 2176
1636 2782
1636 2920
1637 2292
1638 2649
1638 2780
1638 3601
1639 2331
1640 2878
1640 3021
1640 3808
1641 3365
1642 2461
1642 2707
1642 3032
1643 1839
1644 2108
1644 2758
1644 3375
1645 1675
1645 3323
1646 3229
1646 3546
1647 1657
1648 2463
1649 2373
1649 3125
1649 3557
1650 2278
1650 3862
1651 2218
1651 2399
1651 3987
1652 1868
1652 2572
1653 2299
1654 1801
1654 2409
1654 3809
1655 2362
1655 3332
1656 2200
1656 3423
1657 2739
1658 1665
1658 2798
1659 2997
1660 2890
1660 2925
1661 2659
1662 1968
1662 2828
1662 3686
1663 1862
1663 2941
1663 3286
1664 2648
1664 3326
1665 2233
1665 2713
1666 2165
1666 3101
1666 3975
1668 1973
1668 2993
1669 2950
1669 3141
1669 3677
1670 2511
1670 2652
1670 3718
1670 3979
1671 2428
1671 3057
1671 3744
1672 2547
1672 3137
1672 3431
1672 3571
1673 3198
1674 1894
1674 2867
1676 2467
1676 3702
1677 1800
1677 2634
1677 4006
1678 2620
1678 3239
1678 3734
1679 3179
1681 1813
1681 3018
1681 3099
1682 2756
1682 3540
1683 2077
1683 3265
1684 1715
1684 1965
1685 3578
1685 3819
1686 2369
1686 2571
1686 3407
1687 2672
1688 1933
1688 2931
1688 3189
1688 3377
1689 1849
1689 3916
1690 2305
1690 3084
1690 3674
1691 2032
1691 3227
1691 3923
1692 2258
1692 3959
1693 1764
1693 1972
1693 3510
1695 2809
1695 3439
1696 2484
1696 2868
1696 3757
1698 3825
1699 1958
1700 3866
1700 3869
1700 3942
1701 2269
1701 2688
1702 2627
1702 2836
1703 2420
1703 3139
1704 2209
1704 2880
1705 1944
1705 3192
1706 2087
1706 2475
1706 2628
1707 3731
1707 3895
1708 2445
1708 2907
1708 3436
1709 2294
1709 2502
1710 2831
1710 3010
1710 3794
1711 2686
1712 2178
1712 2217
1712 2597
1713 2316
1713 3024
1714 1970
1714 2937
1714 3034
1714 3061
1715 3408
1716 2724
1717 2126
1717 2133
1717 2147
1719 2415
1719 2748
1719 3591
1721 2119
1721 2697
1722 2683
1722 3379
1723 2445
1723 3367
1723 3691
1723 3705
1724 2185
1724 2289
1725 2435
1725 2712
1725 3335
1725 3882
1726 2602
1726 2961
1727 3527
1727 3635
1728 3006
1728 3738
1729 3938
1729 3945
1730 3492
1731 2423
1731 2732
1732 2393
1732 2684
1732 3656
1733 2513
1733 2915
1734 2974
1734 2989
1734 3432
1734 3440
1735 2248
1735 2619
1736 1859
1736 2711
1736 2848
1737 3288
1737 3518
1737 3939
1738 1970
1738 2673
1738 2937
1739 1741
1739 2832
1740 2420
1740 3111
1740 3139
1741 1974
1741 3921
1742 1885
1742 3236
1742 3255
1742 3282
1743 2116
1745 2516
1745 3328
1746 1966
1746 2864
1746 3092
1747 1946
1747 2869
1748 2123
1748 3345
1749 3347
1749 3640
1749 3665
1750 2012
1750 2203
1750 3745
1751 3894
1752 2376
1753 1827
1753 1990
1753 3678
1754 2518
1754 3182
1755 2663
1755 3383
1755 3796
1756 3627
1757 2132
1757 3433
1758 1892
1759 2528
1759 3415
1760 2927
1760 3637
1762 3555
1763 3470
1764 3903
1765 1813
1765 3099
1765 3688
1765 3706
1766 3049
1766 3524
1766 3647
1767 2354
1767 2942
1768 2554
1768 3768
1769 1815
1769 1889
1769 3910
1769 4003
1770 2845
1771 2184
1771 2191
1771 3807
1772 2582
1772 2872
1772 3956
1773 2652
1773 2817
1773 3718
1774 2593
1775 3204
1776 2392
1776 3187
1777 3197
1777 3264
1778 2117
1778 2193
1779 3351
1780 2225
1781 3622
1782 2572
1783 2565
1783 3997
1784 3248
1784 3495
1784 3588
1786 2987
1787 1933
1787 3377
1788 2320
1788 3120
1788 3217
1789 2050
1789 3943
1789 3992
1790 2052
1790 2135
1791 2956
1791 3114
1791 3686
1792 2003
1793 2158
1793 2638
1793 3059
1793 3932
1794 1954
1794 2981
1794 3363
1795 2582
1795 2932
1796 3605
1796 3667
1797 3297
1798 3285
1798 3749
1799 1896
1799 3666
1799 3729
1800 1957
1801 3209
1802 2400
1802 2791
1802 3773
1803 2682
1803 3629
1804 2503
1804 2573
1805 3197
1805 3300
1806 3458
1806 3564
1807 2801
1808 3103
1808 3527
1809 3748
1809 4007
1810 2311
1811 2487
1811 3190
1812 2210
1812 2501
1812 3005
1813 2567
1813 3499
1814 2113
1814 2954
1815 2541
1816 2389
1817 2474
1817 2633
1818 1910
1818 3537
1819 2664
1820 2642
1820 3629
1821 1996
1821 2366
1822 2477
1822 2959
1822 3699
1823 2732
1824 2950
1824 3017
1824 3083
1825 3371
1825 3614
1825 3763
1826 2552
1826 2713
1826 3174
1827 1963
1827 3703
1827 3919
1828 1833
1828 3311
1829 2228
1829 2347
1829 2834
1829 3488
1830 3855
1831 2245
1831 2437
1831 3776
1832 2709
1832 3124
1832 3471
1833 3970
1834 3545
1834 3986
1835 2547
1835 3431
1835 4012
1836 3924
1837 3211
1837 3385
1840 3124
1840 3471
1841 3975
1842 2619
1842 3722
1843 2515
1843 2871
1844 2041
1844 2088
1844 2190
1845 1915
1845 2462
1845 3106
1846 2272
1847 2349
1847 2720
1847 3208
1848 3374
1848 3508
1849 1893
1849 2751
1849 3242
1850 2159
1850 3220
1850 3526
1851 1927
1851 3029
1852 1996
1853 1929
1853 2211
1853 2790
1854 2094
1854 3988
1855 2311
1856 2007
1856 2585
1856 3052
1857 2831
1858 3275
1858 3815
1859 2406
1859 3666
1860 2520
1860 3996
1861 2319
1862 3042
1862 3165
1863 2170
1863 2182
1864 3813
1865 2453
1865 3020
1866 2644
1866 2746
1867 2064
1867 2339
1868 2574
1868 2964
1869 1933
1869 2678
1869 3189
1870 3039
1870 3982
1871 2549
1871 3650
1873 2227
1873 3990
1874 1989
1874 2723
1874 3781
1875 3813
1876 1938
1876 2210
1876 2501
1876 2604
1877 2362
1877 3310
1878 2131
1878 2834
1879 2099
1879 2351
1879 3073
1880 2511
1880 2652
1880 3750
1881 3298
1881 3424
1882 3112
1882 3615
1883 2690
1883 2839
1883 3445
1884 3098
1884 3540
1885 1967
1885 1988
1885 2643
1886 2703
1887 2888
1887 3281
1888 3820
1889 1906
1889 2639
1891 3815
1892 2133
1893 2149
1893 2570
1894 3568
1894 3622
1896 2156
1896 2317
1897 2077
1897 3390
1897 3976
1898 1904
1898 2524
1898 2625
1898 2823
1900 2724
1900 2894
1900 3957
1901 2680
1901 2909
1901 3188
1903 3026
1905 2360
1906 2850
1906 4003
1907 2270
1908 2844
1908 3573
1908 3888
1909 3270
1910 2393
1910 2684
1910 3507
1911 2990
1911 3778
1912 2758
1912 3009
1913 2755
1914 2174
1914 3780
1915 2386
1915 3512
1916 3051
1916 3978
1917 2344
1917 3035
1917 3180
1917 3694
1918 2777
1918 3130
1919 2236
1920 3510
1920 3569
1921 3019
1921 3859
1922 2115
1922 2170
1922 3785
1923 2253
1923 3854
1924 3474
1924 3704
1926 2245
1926 3175
1926 3776
1927 2763
1927 3309
1927 3490
1928 2800
1928 3069
1929 2421
1930 2657
1931 2387
1931 3481
1931 3820
1934 3015
1935 2699
1935 3695
1935 3814
1935 3930
1936 2448
1936 2674
1937 2617
1937 3085
1938 3445
1939 2443
1939 3963
1940 3788
1941 2129
1941 2136
1941 2431
1942 3346
1943 2005
1943 2588
1944 2958
1944 2984
1945 2725
1945 3312
1946 2584
1946 3812
1947 3226
1948 3400
1949 3518
1949 3939
1950 2450
1950 2912
1951 3297
1951 3603
1952 2631
1952 3831
1953 2022
1954 2876
1955 2424
1955 3769
1956 2572
1956 2693
1957 2066
1958 3135
1959 2841
1959 3448
1960 3619
1961 2286
1962 3177
1962 3884
1962 3912
1963 3747
1963 3963
1965 2298
1965 3408
1966 3356
1967 3236
1968 2213
1968 3806
1969 2678
1969 3327
1970 2665
1971 2564
1971 3055
1971 3786
1973 2671
1973 2694
1974 2014
1975 2594
1975 3902
1976 3489
1976 3719
1976 3950
1977 3654
1978 2218
1978 2830
1979 2033
1979 3423
1980 2648
1980 2750
1980 2977
1981 2894
1982 3835
1982 3837
1983 2753
1983 3232
1983 3917
1984 2101
1984 2276
1985 2333
1985 3463
1986 2470
1986 3097
1987 2050
1987 3261
1988 2398
1988 2559
1989 2151
1990 2255
1990 2429
1991 3819
1992 2037
1992 2208
1992 2981
1992 3360
1993 3683
1994 2042
1994 2557
1994 3836
1995 2039
1995 2383
1995 3641
1996 2945
1996 3343
1997 3142
1997 3547
1998 3000
1998 3296
1998 3806
1999 3328
1999 3940
2000 2041
2000 2088
2000 2338
2001 2736
2001 4004
2002 3018
2002 3416
2003 2011
2003 2458
2004 3280
2007 2157
2007 2870
2008 2952
2008 3043
2008 3526
2009 2733
2009 3012
2010 2107
2010 2734
2010 3206
2010 3234
2012 3070
2012 3446
2013 2629
2014 3362
2014 3456
2015 3598
2016 2595
2016 2827
2017 2226
2018 2223
2019 3205
2019 3387
2019 3645
2020 3911
2021 3452
2021 3673
2021 3944
2022 2434
2022 3166
2022 3320
2023 3951
2024 2071
2024 2925
2025 2040
2025 2466
2025 3353
2026 2993
2027 2529
2027 3359
2028 3338
2028 3431
2029 2376
2030 3765
2030 3974
2031 2454
2032 2659
2032 2821
2033 3443
2034 2652
2034 3425
2034 3750
2035 2377
2035 3783
2036 2714
2036 3096
2036 3350
2037 2852
2039 3380
2039 3701
2040 2322
2041 3725
2041 3925
2042 2517
2043 2065
2043 3861
2044 3712
2044 4002
2045 2706
2045 3440
2046 3373
2047 2202
2047 3489
2047 3719
2048 3636
2049 2287
2050 2379
2051 2759
2051 3934
2053 3399
2053 3785
2053 3886
2054 2444
2054 3699
2055 2127
2055 2239
2056 2544
2056 2869
2059 2705
2059 3479
2060 2902
2060 3809
2061 2370
2062 2108
2063 3191
2064 2167
2064 2249
2065 2501
2065 3005
2067 2841
2067 3448
2068 2413
2068 2455
2068 2485
2068 2771
2069 2180
2069 2315
2069 2998
2070 2647
2070 2743
2071 3801
2072 2970
2073 2805
2073 3054
2073 3268
2074 3383
2074 3420
2075 2238
2075 2580
2076 2367
2077 3044
2078 3740
2078 3969
2079 2356
2079 3825
2080 3194
2080 3548
2080 3566
2081 2202
2081 3826
2082 2278
2082 2297
2083 2201
2083 3113
2083 3231
2084 2708
2084 3851
2085 2221
2085 2397
2085 2656
2085 3707
2086 2162
2086 2641
2086 2740
2086 3665
2087 3563
2088 2757
2088 3225
2089 2316
2089 2955
2089 3152
2089 3455
2091 2662
2091 2693
2092 2843
2092 3332
2093 3027
2093 3766
2094 2164
2094 3549
2095 2261
2095 2423
2096 2214
2096 3070
2097 3607
2097 3614
2097 3763
2098 3219
2098 3751
2099 2669
2100 2740
2100 3640
2100 3665
2102 2313
2102 3572
2102 3663
2103 2355
2103 3334
2103 3709
2104 2260
2104 3652
2105 3852
2106 2925
2106 4004
2107 2903
2109 2724
2109 3957
2110 2115
2110 2493
2110 2991
2110 3936
2111 3040
2111 3175
2112 2972
2112 2977
2112 3326
2113 2121
2113 2296
2113 2611
2114 3616
2115 2899
2115 3251
2116 2778
2117 2735
2117 2759
2118 3596
2119 3681
2120 3827
2120 3915
2122 2249
2123 2586
2123 3570
2124 2716
2124 2797
2125 2408
2125 3444
2126 2745
2127 3133
2127 3140
2127 3370
2128 2921
2128 3219
2128 3438
2128 3751
2129 3593
2130 2838
2130 3657
2131 3781
2132 2536
2132 3843
2132 3870
2134 3575
2134 3788
2134 3950
2136 2546
2136 3460
2137 3899
2138 2610
2138 2990
2138 3441
2138 3778
2140 3052
2140 3364
2140 3392
2141 2455
2141 2485
2142 3085
2142 3905
2143 3591
2143 3742
2144 3040
2144 3175
2144 3434
2144 3776
2145 2165
2145 2260
2145 3064
2146 2439
2148 2612
2148 2736
2148 3952
2148 4004
2149 2751
2149 3117
2149 3520
2150 3978
2151 2768
2151 3258
2152 3592
2152 3622
2153 2206
2153 2686
2153 3008
2155 3099
2155 3688
2156 2231
2156 2406
2156 2414
2157 2585
2157 3820
2158 3319
2158 3324
2158 3428
2159 2370
2160 3477
2161 2692
2161 3283
2161 3447
2161 3854
2162 3876
2163 2313
2163 3089
2163 3572
2164 2957
2164 3462
2164 3988
2165 2212
2165 3918
2166 2723
2168 3754
2170 3396
2171 2650
2171 3358
2172 3327
2173 3792
2174 3465
2174 3514
2175 2729
2175 3309
2175 3490
2176 2532
2177 3490
2178 2512
2178 2880
2179 2423
2180 3821
2181 2346
2182 2327
2183 2277
2183 2398
2183 3229
2184 3322
2185 3196
2185 3418
2186 2849
2186 3565
2186 3645
2188 2342
2188 3985
2189 2263
2189 2633
2189 2793
2190 2460
2190 3225
2192 3532
2192 3679
2193 2735
2193 3761
2194 3221
2194 3301
2194 3703
2195 3997
2196 2666
2196 3183
2196 3325
2197 2832
2198 2997
2199 2269
2200 2555
2200 3307
2201 2302
2202 3352
2203 2623
2203 3342
2203 3446
2204 2982
2205 2665
2207 2439
2207 2781
2207 3278
2208 2852
2209 3755
2210 3207
2211 2244
2211 3681
2212 3101
2212 3558
2213 2561
2213 2828
2214 2633
2215 2477
2215 2959
2216 3539
2217 3304
2217 3329
2218 3459
2219 2245
2219 2437
2219 3496
2220 2976
2220 3169
2221 3611
2222 3539
2222 3811
2223 3798
2224 2586
2224 3602
2224 3999
2225 2317
2225 3141
2226 2426
2226 3901
2227 2892
2227 3581
2228 2323
2228 2859
2229 2234
2229 3178
2229 3717
2230 2895
2230 3363
2231 3797
2232 2562
2232 3343
2233 2992
2234 3519
2235 2603
2237 2600
2237 2877
2237 3172
2237 3565
2239 3133
2240 3311
2242 2974
2242 3440
2243 3539
2243 3656
2244 2790
2244 3333
2246 2937
2246 3034
2246 3230
2247 2939
2247 3081
2247 3169
2248 2598
2248 3403
2250 2264
2250 3065
2250 3561
2251 3166
2251 3320
2252 2285
2252 3742
2253 2901
2254 2403
2254 3212
2254 3833
2255 2994
2256 3824
2257 2646
2257 3120
2259 2634
2259 3525
2261 2671
2261 3485
2263 2624
2263 3752
2264 3966
2265 2880
2266 2412
2266 2910
2266 3878
2268 3509
2268 3659
2270 2640
2271 2504
2271 2675
2271 3664
2272 2995
2272 3798
2273 3306
2273 3374
2274 3450
2275 3154
2275 3491
2276 3449
2277 3949
2278 2813
2279 2329
2280 3269
2280 4008
2281 3160
2284 3054
2284 3269
2286 3330
2287 3651
2288 2302
2288 2357
2289 3349
2289 3418
2290 3286
2291 2749
2291 3736
2292 3786
2293 3717
2294 3789
2295 3825
2296 2934
2297 3063
2297 3162
2297 3898
2298 2985
2298 3133
2299 2641
2299 2946
2299 3170
2300 2523
2300 3196
2300 3418
2300 3954
2301 2535
2301 2568
2301 3484
2302 3632
2303 2982
2303 3576
2303 3690
2304 2928
2304 4013
2305 2635
2305 3765
2305 3974
2306 2749
2306 3240
2306 3409
2308 3186
2308 3704
2309 2938
2309 3856
2310 2410
2311 2904
2311 3634
2312 3116
2312 3814
2317 3729
2318 2676
2318 2931
2318 4010
2319 2700
2319 3055
2320 2618
2321 3953
2324 3267
2324 3713
2324 3855
2325 2500
2325 2768
2325 3732
2326 3975
2327 3252
2328 3424
2328 3935
2329 2489
2329 2822
2330 3865
2332 2430
2332 2855
2333 2583
2333 3180
2334 3210
2336 2828
2337 2549
2338 3925
2339 3867
2340 2667
2340 3042
2341 3429
2342 2765
2343 2461
2343 2707
2344 2459
2344 3556
2345 2764
2346 3880
2347 2859
2349 3031
2349 3663
2350 2862
2350 3334
2351 3847
2352 3138
2352 3463
2354 3346
2354 3600
2355 3305
2355 3873
2356 3222
2356 3724
2357 3632
2358 2513
2358 2812
2358 2915
2359 2984
2359 3810
2360 2924
2360 3597
2361 3453
2362 2786
2362 2946
2363 2716
2364 2632
2364 3801
2366 2562
2366 3343
2366 3531
2367 3791
2368 2959
2369 2580
2369 3074
2370 3043
2370 3526
2371 2844
2371 3384
2372 2540
2372 2552
2373 2873
2375 2760
2375 3136
2376 2521
2376 3255
2377 3585
2379 3943
2380 2950
2380 3083
2380 3559
2380 3677
2381 2836
2381 3944
2382 2955
2382 3455
2382 3919
2383 3494
2384 2778
2384 2856
2385 2911
2385 3659
2386 3671
2388 2433
2389 3357
2390 2440
2390 2840
2391 2935
2392 3128
2392 3410
2393 3941
2394 2728
2395 2815
2395 3249
2396 3063
2397 2964
2397 2980
2398 2643
2398 3949
2399 2551
2400 2504
2402 3465
2402 3789
2403 2416
2403 2522
2403 2715
2404 2944
2405 3957
2406 3680
2407 2468
2408 3279
2409 2456
2409 2804
2410 3177
2410 3201
2411 2900
2412 2965
2414 3220
2414 3680
2414 3797
2417 3240
2417 3922
2418 3004
2418 3670
2419 2592
2421 3367
2421 3705
2422 2916
2423 2579
2424 3188
2425 2432
2425 3593
2426 2803
2428 2907
2428 3436
2429 2994
2429 3678
2429 3689
2430 2973
2431 2546
2431 2566
2431 3857
2432 2897
2432 3265
2433 2808
2433 3540
2434 2715
2434 3863
2435 3205
2435 3387
2436 2878
2436 3021
2436 3967
2438 2754
2438 3128
2440 2941
2440 3753
2441 3527
2441 3635
2442 3368
2443 2765
2444 2525
2444 3633
2445 3743
2446 3955
2447 2622
2448 3549
2449 3903
2451 2971
2452 2952
2452 3644
2453 3394
2453 3874
2454 3001
2454 3982
2455 3741
2456 2902
2456 3809
2457 2620
2459 3035
2459 3421
2460 3053
2460 3079
2462 3290
2463 3184
2464 2594
2464 2738
2464 2858
2464 3902
2465 3067
2465 3262
2466 3267
2466 3577
2467 3158
2467 3803
2468 2645
2468 3604
2469 3159
2470 2792
2471 3024
2472 2491
2473 3461
2475 3563
2476 2706
2476 3095
2477 2803
2478 2726
2478 3268
2480 3499
2482 2931
2482 3377
2482 3924
2483 3014
2483 3128
2484 2626
2485 3529
2486 3125
2486 3224
2488 2933
2490 3640
2491 3430
2491 3533
2491 3606
2492 3395
2495 3126
2497 2815
2498 2709
2498 3124
2499 2874
2500 2705
2500 3213
2502 3273
2502 3846
2503 3384
2503 3865
2505 3862
2506 3029
2506 3086
2507 2621
2508 2784
2508 3022
2509 3574
2510 2745
2511 3538
2512 2965
2513 3034
2513 3061
2514 3601
2515 2996
2515 3569
2516 2529
2517 2975
2517 4011
2518 3066
2519 3340
2520 2630
2521 2804
2522 2868
2522 3212
2523 3398
2523 3683
2525 2959
2525 3699
2526 3166
2527 3537
2527 3590
2528 3825
2530 2856
2530 3421
2531 2900
2532 2782
2533 2726
2533 3202
2534 3325
2534 3437
2535 2908
2535 3702
2536 3433
2537 3550
2537 3559
2538 2766
2539 2739
2539 3841
2540 3411
2541 2697
2541 3266
2541 3910
2542 3555
2542 3808
2545 2840
2546 3391
2547 3617
2548 2961
2550 2668
2550 2767
2550 2905
2551 2802
2552 2877
2552 3606
2553 2845
2553 3163
2553 3373
2554 3586
2556 2802
2556 3020
2557 3598
2558 2824
2559 3264
2560 2912
2561 3088
2562 3045
2563 2924
2563 3901
2565 2926
2565 3279
2566 2653
2567 3051
2567 3978
2569 3275
2570 3242
2570 3979
2573 3384
2573 3779
2573 3823
2574 3024
2575 3422
2576 3016
2576 3894
2577 3276
2578 3498
2578 3817
2579 3671
2582 3613
2583 2861
2584 3627
2585 3528
2586 3345
2587 2913
2587 3114
2587 3399
2587 3886
2588 3091
2589 3271
2589 3607
2589 3614
2590 2608
2591 2714
2592 3461
2595 3871
2596 3763
2597 2880
2597 3329
2598 3150
2599 2774
2600 3303
2601 3458
2601 3802
2602 3274
2603 3292
2603 3779
2603 3823
2604 2690
2604 3207
2604 3445
2605 3556
2605 3563
2606 2754
2606 3408
2606 3410
2608 3263
2608 3543
2608 3633
2609 2637
2609 3313
2610 3723
2611 2934
2611 3550
2612 2781
2612 3278
2613 2687
2613 3739
2613 3960
2615 2722
2615 3310
2616 3003
2616 3305
2618 3217
2621 2928
2621 3157
2621 4013
2622 2649
2622 3601
2624 2793
2624 3983
2625 2698
2626 3907
2627 3904
2629 2654
2629 3585
2630 2936
2630 3551
2631 3961
2632 3761
2635 3674
2635 3850
2636 3775
2636 3796
2638 3299
2638 3324
2638 3853
2639 2850
2639 3664
2639 3760
2640 2699
2640 3695
2641 3876
2643 3282
2644 3532
2645 3077
2646 3650
2647 3434
2647 3776
2650 3036
2651 2811
2651 3766
2653 3857
2654 2867
2655 2784
2655 3022
2656 2980
2657 2775
2658 3080
2658 3361
2659 3227
2660 3957
2661 2850
2661 3760
2663 2862
2664 2921
2664 3438
2665 2673
2665 3839
2667 2894
2668 2680
2668 3188
2668 3480
2669 2764
2669 3073
2670 3039
2672 2882
2673 2914
2673 3331
2674 3468
2675 2791
2675 3069
2676 3903
2677 2724
2677 2894
2678 3948
2679 2826
2679 2874
2679 3769
2680 3108
2680 3336
2681 3620
2682 3513
2683 2769
2683 3211
2685 2885
2685 3011
2686 2887
2686 3770
2687 3412
2688 2953
2690 3616
2691 3547
2691 3840
2692 3853
2693 3241
2695 3984
2695 3986
2696 2963
2696 3119
2696 3291
2698 2734
2698 3553
2699 3773
2701 3916
2702 3009
2702 3025
2702 3605
2703 3603
2706 2810
2707 3831
2708 3576
2708 3690
2709 3357
2710 3041
2711 3515
2711 3714
2712 3275
2717 3254
2718 4006
2719 2879
2720 3503
2721 2788
2721 3535
2722 3082
2722 3335
2722 3882
2723 3488
2725 3062
2726 3098
2726 3803
2727 3905
2728 3362
2729 2799
2729 3067
2730 3466
2730 3998
2731 3009
2731 3583
2732 3682
2733 3035
2734 2799
2735 3748
2737 2971
2737 3471
2739 3129
2742 3651
2743 3434
2744 3146
2744 3560
2746 3532
2746 3679
2747 3250
2748 3486
2749 3246
2753 3524
2753 3647
2754 2864
2754 3092
2755 2875
2759 3748
2760 2974
2760 2989
2761 2961
2762 2826
2762 3769
2763 3996
2764 4012
2766 2898
2766 3697
2768 3790
2770 2793
2770 2860
2770 3129
2771 3741
2773 3147
2774 3897
2777 3016
2779 3636
2781 3952
2783 2920
2783 3484
2783 3920
2784 3430
2784 3533
2785 3955
2786 3332
2786 3495
2788 2825
2788 3453
2789 3270
2789 3610
2795 3113
2797 3566
2798 3746
2799 3234
2800 3826
2802 3090
2805 3626
2806 3001
2806 3982
2808 2835
2808 2847
2809 3287
2810 3987
2812 3061
2812 3932
2813 3274
2813 3891
2814 3976
2815 2967
2817 3735
2818 3700
2819 3439
2819 3716
2820 3899
2821 3923
2824 2891
2824 3493
2824 3945
2825 3101
2825 3535
2825 3558
2826 3075
2827 3661
2829 2918
2830 3150
2830 3459
2831 3351
2832 3109
2832 3921
2833 3256
2833 3670
2834 3781
2835 3173
2837 3461
2838 3611
2839 3754
2841 3503
2842 3235
2842 3830
2843 3395
2844 2915
2846 2879
2846 3550
2846 3559
2846 3677
2847 3173
2848 2906
2848 3199
2848 3515
2849 3272
2849 3989
2849 4001
2850 3112
2852 2955
2853 3100
2853 3756
2855 3707
2856 3556
2857 3940
2861 3180
2861 3562
2861 3694
2863 3116
2863 3814
2864 3356
2865 3386
2865 3464
2865 3746
2866 2896
2866 3552
2866 3800
2867 3585
2868 3660
2868 3883
2870 3642
2872 4007
2873 3557
2874 3972
2881 3040
2881 3434
2884 2900
2885 3607
2886 3941
2887 3452
2888 3508
2889 3073
2890 2949
2890 3801
2892 3327
2893 3555
2893 3579
2895 3457
2895 3764
2896 3244
2897 3044
2897 3305
2898 3267
2898 3713
2899 3936
2900 3980
2901 3283
2901 3662
2901 3854
2902 3023
2902 3293
2903 3087
2904 3376
2905 3480
2905 3573
2907 3724
2909 3336
2910 3019
2912 3971
2913 3167
2913 3733
2914 3315
2916 3127
2916 3625
2917 2994
2917 3689
2919 3478
2919 3578
2919 3819
2921 3529
2921 3643
2922 3644
2926 3142
2926 3547
2926 3997
2927 3401
2927 3749
2928 3560
2929 3676
2930 3145
2930 3811
2933 3967
2935 3184
2935 3273
2935 3846
2936 3409
2938 3325
2939 3131
2939 3833
2940 3217
2940 3380
2941 3589
2942 3342
2943 3641
2943 3935
2944 3972
2945 3875
2947 3302
2947 3513
2947 3969
2948 3991
2951 3935
2953 3148
2953 3698
2953 3753
2956 3000
2956 3806
2957 3468
2958 3306
2961 3891
2962 3097
2968 3850
2968 4005
2971 3492
2974 3631
2975 3466
2978 3387
2978 3645
2981 3995
2982 3160
2983 3230
2983 3364
2983 3599
2984 3192
2984 3531
2985 3171
2985 3410
2987 3289
2990 3723
2991 3251
2993 3522
2995 3420
2995 3580
2996 3277
2997 3543
2998 3720
2999 3179
3000 3074
3002 3522
3003 3655
3003 3804
3004 3456
3005 3579
3006 3835
3007 3762
3009 3107
3010 3999
3010 4000
3012 3992
3013 3176
3013 3235
3014 3187
3015 3831
3016 3130
3017 3729
3018 3497
3019 3968
3021 3366
3023 3478
3026 3172
3026 3411
3027 3355
3027 3498
3029 3988
3031 3208
3031 3990
3032 3789
3036 3373
3037 3536
3041 3943
3042 3286
3044 3265
3044 3390
3045 3192
3045 3531
3046 3924
3047 3219
3047 3438
3048 3525
3049 3697
3050 3838
3051 3499
3052 3528
3056 3228
3056 3262
3056 3996
3057 3758
3058 3348
3058 3730
3059 3238
3059 3428
3059 3530
3060 3253
3060 3895
3063 3757
3064 3918
3065 3687
3065 3966
3067 3309
3068 3331
3069 3826
3071 3083
3071 3479
3071 3559
3072 3766
3073 3294
3075 3417
3077 3314
3080 3451
3081 3131
3082 3310
3086 3462
3086 3988
3087 3393
3087 3793
3092 3408
3093 3549
3094 3483
3094 3582
3095 3874
3096 3318
3097 3507
3099 3497
3100 3278
3102 3380
3102 4013
3107 3583
3107 3605
3107 3667
3108 3480
3110 3535
3113 3710
3114 3167
3114 3504
3116 3467
3118 3479
3119 3830
3121 3728
3123 3250
3126 3949
3127 3554
3128 3187
3130 3337
3132 3338
3132 3382
3133 3171
3134 3282
3136 3385
3138 3849
3140 3171
3142 3279
3143 3972
3144 3560
3145 3555
3145 3808
3146 3939
3147 3448
3149 3621
3151 3899
3152 3356
3152 3646
3153 3735
3155 3774
3155 3938
3156 3450
3158 3314
3159 3272
3159 3989
3161 3521
3161 3564
3163 3821
3164 3908
3164 3956
3166 3863
3168 3713
3168 3855
3170 3588
3170 3876
3171 3869
3172 4001
3173 3837
3174 3430
3174 3606
3175 3836
3178 3700
3182 3519
3185 3822
3186 3371
3186 3763
3188 3711
3189 3948
3191 3700
3192 3918
3193 3547
3193 3997
3194 3316
3195 3623
3196 3588
3196 3876
3197 3546
3198 3648
3200 3587
3201 3483
3203 3256
3203 3419
3203 3727
3203 3739
3204 3509
3205 3882
3206 3793
3207 3616
3210 3570
3211 3322
3211 3379
3212 3883
3216 3654
3218 3480
3218 3573
3218 3888
3221 3906
3222 3758
3224 3971
3226 3801
3229 3264
3232 3953
3233 3656
3237 3261
3237 3344
3237 3685
3238 3384
3238 3779
3240 3246
3242 3916
3243 3817
3244 3624
3245 3521
3246 3736
3248 3762
3249 3257
3249 3934
3250 3765
3251 3785
3252 3288
3252 3518
3253 3290
3254 3347
3256 3412
3257 3545
3258 3650
3258 3790
3260 3368
3260 3435
3264 3546
3265 3593
3266 3744
3267 3353
3268 3639
3270 3541
3271 3899
3272 3870
3275 3335
3284 3400
3287 3909
3289 3726
3291 3620
3292 3319
3292 3428
3293 3478
3299 3932
3300 3546
3301 3678
3301 3689
3301 3906
3302 3388
3303 3565
3305 3390
3307 3352
3312 3414
3312 3581
3315 3331
3317 4000
3318 3350
3324 3447
3327 3948
3328 3608
3329 3755
3336 3544
3340 3517
3343 3875
3349 3584
3349 3683
3350 3654
3350 3795
3352 3489
3358 3587
3360 3995
3361 3451
3361 3725
3363 3764
3363 3995
3364 3787
3368 3985
3369 3388
3369 3623
3372 3473
3374 3810
3377 3737
3378 3604
3381 3563
3386 3652
3387 3712
3388 3513
3389 3437
3389 3487
3389 3676
3391 3449
3391 3857
3393 3822
3396 3473
3396 3785
3397 3913
3399 3504
3399 3799
3402 3545
3402 3938
3403 3752
3404 3459
3405 3945
3405 3951
3409 3551
3412 3739
3413 3528
3413 3618
3415 3692
3416 3991
3418 3683
3421 3556
3425 3735
3425 3845
3427 3476
3427 3649
3428 3779
3435 3483
3435 3582
3436 3744
3441 3925
3442 3626
3447 3853
3451 3860
3454 3525
3455 3646
3455 3747
3456 3464
3458 3675
3459 3987
3461 3842
3463 3992
3465 3897
3466 3927
3468 3892
3470 3716
3472 3999
3474 3622
3475 3610
3475 3952
3477 3534
3477 4002
3478 3721
3482 3576
3484 3702
3486 3595
3486 3609
3488 3781
3491 3742
3495 3762
3498 3931
3499 3706
3500 3722
3500 3838
3502 3687
3504 3686
3506 3840
3511 3912
3514 3780
3519 3717
3521 3675
3523 3722
3523 3752
3529 3751
3530 3932
3537 3767
3538 3979
3541 3610
3542 3944
3548 3946
3551 3896
3564 3675
3564 3772
3565 4001
3566 3887
3567 3916
3571 3617
3580 3798
3583 3977
3584 3648
3587 3734
3588 3954
3589 3698
3590 3767
3595 3723
3600 3745
3609 3723
3611 3707
3612 3688
3612 3706
3612 3834
3612 4008
3613 3908
3613 3956
3615 3754
3619 3867
3619 3994
3620 3774
3621 3657
3625 3798
3626 3827
3626 3915
3627 3974
3637 3749
3638 3849
3639 3929
3641 3701
3645 3989
3646 3759
3652 3746
3653 3768
3655 3780
3656 3941
3660 3907
3663 3990
3667 3977
3668 3935
3669 3784
3670 3738
3675 3708
3678 3703
3684 3848
3686 3806
3691 3743
3695 3866
3698 3913
3699 3777
3709 3873
3714 3933
3721 3819
3725 3778
3726 3733
3728 3851
3730 3829
3732 3790
3732 3936
3734 3947
3736 3783
3737 3924
3738 3835
3740 3767
3745 3841
3747 3759
3747 3919
3752 3983
3757 3898
3759 3963
3770 3832
3771 3958
3773 3814
3774 3934
3775 3821
3780 3804
3783 3844
3784 3786
3794 4000
3796 3821
3830 3993
3832 3927
3844 3991
3846 3961
3847 3968
3858 3971
3859 3872
3859 3968
3861 3894
3866 3930
3873 3976
3879 3940
3885 3952
3885 4004
3896 3996
3903 4010
3909 3953
3913 4006
3915 3920
3927 3998
3930 3942
3937 4005
3965 4002
